#DATASTART
1 1 0 3502.10000000 452.93300000 -2696.00000000 -0.965926 -0.258819 0.00000000 0 1
1 2 0 3259.38000000 1358.80000000 -2696.00000000 -0.965926 -0.258819 0.00000000 0 1
1 3 0 2806.44000000 2143.30000000 -2696.00000000 -0.707107 -0.707107 0.00000000 0 1
1 4 0 2143.30000000 2806.44000000 -2696.00000000 -0.707107 -0.707107 0.00000000 0 1
1 5 0 1358.80000000 3259.38000000 -2696.00000000 -0.258819 -0.965926 0.00000000 0 1
1 6 0 452.93300000 3502.10000000 -2696.00000000 -0.258819 -0.965926 0.00000000 0 1
1 7 0 -452.93300000 3502.10000000 -2696.00000000 0.258819 -0.965926 0.00000000 0 1
1 8 0 -1358.80000000 3259.38000000 -2696.00000000 0.258819 -0.965926 0.00000000 0 1
1 9 0 -2143.30000000 2806.44000000 -2696.00000000 0.707107 -0.707107 0.00000000 0 1
1 10 0 -2806.44000000 2143.30000000 -2696.00000000 0.707107 -0.707107 0.00000000 0 1
1 11 0 -3259.38000000 1358.80000000 -2696.00000000 0.965926 -0.258819 0.00000000 0 1
1 12 0 -3502.10000000 452.93300000 -2696.00000000 0.965926 -0.258819 0.00000000 0 1
1 13 0 -3502.10000000 -452.93300000 -2696.00000000 0.965926 0.258819 0.00000000 0 1
1 14 0 -3259.38000000 -1358.80000000 -2696.00000000 0.965926 0.258819 0.00000000 0 1
1 15 0 -2806.44000000 -2143.30000000 -2696.00000000 0.707107 0.707107 0.00000000 0 1
1 16 0 -2143.30000000 -2806.44000000 -2696.00000000 0.707107 0.707107 0.00000000 0 1
1 17 0 -1358.80000000 -3259.38000000 -2696.00000000 0.258819 0.965926 0.00000000 0 1
1 18 0 -452.93300000 -3502.10000000 -2696.00000000 0.258819 0.965926 0.00000000 0 1
1 19 0 452.93300000 -3502.10000000 -2696.00000000 -0.258819 0.965926 0.00000000 0 1
1 20 0 1358.80000000 -3259.38000000 -2696.00000000 -0.258819 0.965926 0.00000000 0 1
1 21 0 2143.30000000 -2806.44000000 -2696.00000000 -0.707107 0.707107 0.00000000 0 1
1 22 0 2806.44000000 -2143.30000000 -2696.00000000 -0.707107 0.707107 0.00000000 0 1
1 23 0 3259.38000000 -1358.80000000 -2696.00000000 -0.965926 0.258819 0.00000000 0 1
1 24 0 3502.10000000 -452.93300000 -2696.00000000 -0.965926 0.258819 0.00000000 0 1
1 25 0 3502.10000000 452.93300000 -2022.00000000 -0.965926 -0.258819 0.00000000 0 1
1 26 0 3259.38000000 1358.80000000 -2022.00000000 -0.965926 -0.258819 0.00000000 0 1
1 27 0 2806.44000000 2143.30000000 -2022.00000000 -0.707107 -0.707107 0.00000000 0 1
1 28 0 2143.30000000 2806.44000000 -2022.00000000 -0.707107 -0.707107 0.00000000 0 1
1 29 0 1358.80000000 3259.38000000 -2022.00000000 -0.258819 -0.965926 0.00000000 0 1
1 30 0 452.93300000 3502.10000000 -2022.00000000 -0.258819 -0.965926 0.00000000 0 1
1 31 0 -452.93300000 3502.10000000 -2022.00000000 0.258819 -0.965926 0.00000000 0 1
1 32 0 -1358.80000000 3259.38000000 -2022.00000000 0.258819 -0.965926 0.00000000 0 1
1 33 0 -2143.30000000 2806.44000000 -2022.00000000 0.707107 -0.707107 0.00000000 0 1
1 34 0 -2806.44000000 2143.30000000 -2022.00000000 0.707107 -0.707107 0.00000000 0 1
1 35 0 -3259.38000000 1358.80000000 -2022.00000000 0.965926 -0.258819 0.00000000 0 1
1 36 0 -3502.10000000 452.93300000 -2022.00000000 0.965926 -0.258819 0.00000000 0 1
1 37 0 -3502.10000000 -452.93300000 -2022.00000000 0.965926 0.258819 0.00000000 0 1
1 38 0 -3259.38000000 -1358.80000000 -2022.00000000 0.965926 0.258819 0.00000000 0 1
1 39 0 -2806.44000000 -2143.30000000 -2022.00000000 0.707107 0.707107 0.00000000 0 1
1 40 0 -2143.30000000 -2806.44000000 -2022.00000000 0.707107 0.707107 0.00000000 0 1
1 41 0 -1358.80000000 -3259.38000000 -2022.00000000 0.258819 0.965926 0.00000000 0 1
1 42 0 -452.93300000 -3502.10000000 -2022.00000000 0.258819 0.965926 0.00000000 0 1
1 43 0 452.93300000 -3502.10000000 -2022.00000000 -0.258819 0.965926 0.00000000 0 1
1 44 0 1358.80000000 -3259.38000000 -2022.00000000 -0.258819 0.965926 0.00000000 0 1
1 45 0 2143.30000000 -2806.44000000 -2022.00000000 -0.707107 0.707107 0.00000000 0 1
1 46 0 2806.44000000 -2143.30000000 -2022.00000000 -0.707107 0.707107 0.00000000 0 1
1 47 0 3259.38000000 -1358.80000000 -2022.00000000 -0.965926 0.258819 0.00000000 0 1
1 48 0 3502.10000000 -452.93300000 -2022.00000000 -0.965926 0.258819 0.00000000 0 1
1 49 0 3502.10000000 452.93300000 -1348.00000000 -0.965926 -0.258819 0.00000000 0 1
1 50 0 3259.38000000 1358.80000000 -1348.00000000 -0.965926 -0.258819 0.00000000 0 1
1 51 0 2806.44000000 2143.30000000 -1348.00000000 -0.707107 -0.707107 0.00000000 0 1
1 52 0 2143.30000000 2806.44000000 -1348.00000000 -0.707107 -0.707107 0.00000000 0 1
1 53 0 1358.80000000 3259.38000000 -1348.00000000 -0.258819 -0.965926 0.00000000 0 1
1 54 0 452.93300000 3502.10000000 -1348.00000000 -0.258819 -0.965926 0.00000000 0 1
1 55 0 -452.93300000 3502.10000000 -1348.00000000 0.258819 -0.965926 0.00000000 0 1
1 56 0 -1358.80000000 3259.38000000 -1348.00000000 0.258819 -0.965926 0.00000000 0 1
1 57 0 -2143.30000000 2806.44000000 -1348.00000000 0.707107 -0.707107 0.00000000 0 1
1 58 0 -2806.44000000 2143.30000000 -1348.00000000 0.707107 -0.707107 0.00000000 0 1
1 59 0 -3259.38000000 1358.80000000 -1348.00000000 0.965926 -0.258819 0.00000000 0 1
1 60 0 -3502.10000000 452.93300000 -1348.00000000 0.965926 -0.258819 0.00000000 0 1
1 61 0 -3502.10000000 -452.93300000 -1348.00000000 0.965926 0.258819 0.00000000 0 1
1 62 0 -3259.38000000 -1358.80000000 -1348.00000000 0.965926 0.258819 0.00000000 0 1
1 63 0 -2806.44000000 -2143.30000000 -1348.00000000 0.707107 0.707107 0.00000000 0 1
1 64 0 -2143.30000000 -2806.44000000 -1348.00000000 0.707107 0.707107 0.00000000 0 1
1 65 0 -1358.80000000 -3259.38000000 -1348.00000000 0.258819 0.965926 0.00000000 0 1
1 66 0 -452.93300000 -3502.10000000 -1348.00000000 0.258819 0.965926 0.00000000 0 1
1 67 0 452.93300000 -3502.10000000 -1348.00000000 -0.258819 0.965926 0.00000000 0 1
1 68 0 1358.80000000 -3259.38000000 -1348.00000000 -0.258819 0.965926 0.00000000 0 1
1 69 0 2143.30000000 -2806.44000000 -1348.00000000 -0.707107 0.707107 0.00000000 0 1
1 70 0 2806.44000000 -2143.30000000 -1348.00000000 -0.707107 0.707107 0.00000000 0 1
1 71 0 3259.38000000 -1358.80000000 -1348.00000000 -0.965926 0.258819 0.00000000 0 1
1 72 0 3502.10000000 -452.93300000 -1348.00000000 -0.965926 0.258819 0.00000000 0 1
1 73 0 3502.10000000 452.93300000 -674.00000000 -0.965926 -0.258819 0.00000000 0 1
1 74 0 3259.38000000 1358.80000000 -674.00000000 -0.965926 -0.258819 0.00000000 0 1
1 75 0 2806.44000000 2143.30000000 -674.00000000 -0.707107 -0.707107 0.00000000 0 1
1 76 0 2143.30000000 2806.44000000 -674.00000000 -0.707107 -0.707107 0.00000000 0 1
1 77 0 1358.80000000 3259.38000000 -674.00000000 -0.258819 -0.965926 0.00000000 0 1
1 78 0 452.93300000 3502.10000000 -674.00000000 -0.258819 -0.965926 0.00000000 0 1
1 79 0 -452.93300000 3502.10000000 -674.00000000 0.258819 -0.965926 0.00000000 0 1
1 80 0 -1358.80000000 3259.38000000 -674.00000000 0.258819 -0.965926 0.00000000 0 1
1 81 0 -2143.30000000 2806.44000000 -674.00000000 0.707107 -0.707107 0.00000000 0 1
1 82 0 -2806.44000000 2143.30000000 -674.00000000 0.707107 -0.707107 0.00000000 0 1
1 83 0 -3259.38000000 1358.80000000 -674.00000000 0.965926 -0.258819 0.00000000 0 1
1 84 0 -3502.10000000 452.93300000 -674.00000000 0.965926 -0.258819 0.00000000 0 1
1 85 0 -3502.10000000 -452.93300000 -674.00000000 0.965926 0.258819 0.00000000 0 1
1 86 0 -3259.38000000 -1358.80000000 -674.00000000 0.965926 0.258819 0.00000000 0 1
1 87 0 -2806.44000000 -2143.30000000 -674.00000000 0.707107 0.707107 0.00000000 0 1
1 88 0 -2143.30000000 -2806.44000000 -674.00000000 0.707107 0.707107 0.00000000 0 1
1 89 0 -1358.80000000 -3259.38000000 -674.00000000 0.258819 0.965926 0.00000000 0 1
1 90 0 -452.93300000 -3502.10000000 -674.00000000 0.258819 0.965926 0.00000000 0 1
1 91 0 452.93300000 -3502.10000000 -674.00000000 -0.258819 0.965926 0.00000000 0 1
1 92 0 1358.80000000 -3259.38000000 -674.00000000 -0.258819 0.965926 0.00000000 0 1
1 93 0 2143.30000000 -2806.44000000 -674.00000000 -0.707107 0.707107 0.00000000 0 1
1 94 0 2806.44000000 -2143.30000000 -674.00000000 -0.707107 0.707107 0.00000000 0 1
1 95 0 3259.38000000 -1358.80000000 -674.00000000 -0.965926 0.258819 0.00000000 0 1
1 96 0 3502.10000000 -452.93300000 -674.00000000 -0.965926 0.258819 0.00000000 0 1
1 97 0 3502.10000000 452.93300000 0.00000000 -0.965926 -0.258819 0.00000000 0 1
1 98 0 3259.38000000 1358.80000000 0.00000000 -0.965926 -0.258819 0.00000000 0 1
1 99 0 2806.44000000 2143.30000000 0.00000000 -0.707107 -0.707107 0.00000000 0 1
1 100 0 2143.30000000 2806.44000000 0.00000000 -0.707107 -0.707107 0.00000000 0 1
1 101 0 1358.80000000 3259.38000000 0.00000000 -0.258819 -0.965926 0.00000000 0 1
1 102 0 452.93300000 3502.10000000 0.00000000 -0.258819 -0.965926 0.00000000 0 1
1 103 0 -452.93300000 3502.10000000 0.00000000 0.258819 -0.965926 0.00000000 0 1
1 104 0 -1358.80000000 3259.38000000 0.00000000 0.258819 -0.965926 0.00000000 0 1
1 105 0 -2143.30000000 2806.44000000 0.00000000 0.707107 -0.707107 0.00000000 0 1
1 106 0 -2806.44000000 2143.30000000 0.00000000 0.707107 -0.707107 0.00000000 0 1
1 107 0 -3259.38000000 1358.80000000 0.00000000 0.965926 -0.258819 0.00000000 0 1
1 108 0 -3502.10000000 452.93300000 0.00000000 0.965926 -0.258819 0.00000000 0 1
1 109 0 -3502.10000000 -452.93300000 0.00000000 0.965926 0.258819 0.00000000 0 1
1 110 0 -3259.38000000 -1358.80000000 0.00000000 0.965926 0.258819 0.00000000 0 1
1 111 0 -2806.44000000 -2143.30000000 0.00000000 0.707107 0.707107 0.00000000 0 1
1 112 0 -2143.30000000 -2806.44000000 0.00000000 0.707107 0.707107 0.00000000 0 1
1 113 0 -1358.80000000 -3259.38000000 0.00000000 0.258819 0.965926 0.00000000 0 1
1 114 0 -452.93300000 -3502.10000000 0.00000000 0.258819 0.965926 0.00000000 0 1
1 115 0 452.93300000 -3502.10000000 0.00000000 -0.258819 0.965926 0.00000000 0 1
1 116 0 1358.80000000 -3259.38000000 0.00000000 -0.258819 0.965926 0.00000000 0 1
1 117 0 2143.30000000 -2806.44000000 0.00000000 -0.707107 0.707107 0.00000000 0 1
1 118 0 2806.44000000 -2143.30000000 0.00000000 -0.707107 0.707107 0.00000000 0 1
1 119 0 3259.38000000 -1358.80000000 0.00000000 -0.965926 0.258819 0.00000000 0 1
1 120 0 3502.10000000 -452.93300000 0.00000000 -0.965926 0.258819 0.00000000 0 1
1 121 0 3502.10000000 452.93300000 674.00000000 -0.965926 -0.258819 0.00000000 0 1
1 122 0 3259.38000000 1358.80000000 674.00000000 -0.965926 -0.258819 0.00000000 0 1
1 123 0 2806.44000000 2143.30000000 674.00000000 -0.707107 -0.707107 0.00000000 0 1
1 124 0 2143.30000000 2806.44000000 674.00000000 -0.707107 -0.707107 0.00000000 0 1
1 125 0 1358.80000000 3259.38000000 674.00000000 -0.258819 -0.965926 0.00000000 0 1
1 126 0 452.93300000 3502.10000000 674.00000000 -0.258819 -0.965926 0.00000000 0 1
1 127 0 -452.93300000 3502.10000000 674.00000000 0.258819 -0.965926 0.00000000 0 1
1 128 0 -1358.80000000 3259.38000000 674.00000000 0.258819 -0.965926 0.00000000 0 1
1 129 0 -2143.30000000 2806.44000000 674.00000000 0.707107 -0.707107 0.00000000 0 1
1 130 0 -2806.44000000 2143.30000000 674.00000000 0.707107 -0.707107 0.00000000 0 1
1 131 0 -3259.38000000 1358.80000000 674.00000000 0.965926 -0.258819 0.00000000 0 1
1 132 0 -3502.10000000 452.93300000 674.00000000 0.965926 -0.258819 0.00000000 0 1
1 133 0 -3502.10000000 -452.93300000 674.00000000 0.965926 0.258819 0.00000000 0 1
1 134 0 -3259.38000000 -1358.80000000 674.00000000 0.965926 0.258819 0.00000000 0 1
1 135 0 -2806.44000000 -2143.30000000 674.00000000 0.707107 0.707107 0.00000000 0 1
1 136 0 -2143.30000000 -2806.44000000 674.00000000 0.707107 0.707107 0.00000000 0 1
1 137 0 -1358.80000000 -3259.38000000 674.00000000 0.258819 0.965926 0.00000000 0 1
1 138 0 -452.93300000 -3502.10000000 674.00000000 0.258819 0.965926 0.00000000 0 1
1 139 0 452.93300000 -3502.10000000 674.00000000 -0.258819 0.965926 0.00000000 0 1
1 140 0 1358.80000000 -3259.38000000 674.00000000 -0.258819 0.965926 0.00000000 0 1
1 141 0 2143.30000000 -2806.44000000 674.00000000 -0.707107 0.707107 0.00000000 0 1
1 142 0 2806.44000000 -2143.30000000 674.00000000 -0.707107 0.707107 0.00000000 0 1
1 143 0 3259.38000000 -1358.80000000 674.00000000 -0.965926 0.258819 0.00000000 0 1
1 144 0 3502.10000000 -452.93300000 674.00000000 -0.965926 0.258819 0.00000000 0 1
1 145 0 3502.10000000 452.93300000 1348.00000000 -0.965926 -0.258819 0.00000000 0 1
1 146 0 3259.38000000 1358.80000000 1348.00000000 -0.965926 -0.258819 0.00000000 0 1
1 147 0 2806.44000000 2143.30000000 1348.00000000 -0.707107 -0.707107 0.00000000 0 1
1 148 0 2143.30000000 2806.44000000 1348.00000000 -0.707107 -0.707107 0.00000000 0 1
1 149 0 1358.80000000 3259.38000000 1348.00000000 -0.258819 -0.965926 0.00000000 0 1
1 150 0 452.93300000 3502.10000000 1348.00000000 -0.258819 -0.965926 0.00000000 0 1
1 151 0 -452.93300000 3502.10000000 1348.00000000 0.258819 -0.965926 0.00000000 0 1
1 152 0 -1358.80000000 3259.38000000 1348.00000000 0.258819 -0.965926 0.00000000 0 1
1 153 0 -2143.30000000 2806.44000000 1348.00000000 0.707107 -0.707107 0.00000000 0 1
1 154 0 -2806.44000000 2143.30000000 1348.00000000 0.707107 -0.707107 0.00000000 0 1
1 155 0 -3259.38000000 1358.80000000 1348.00000000 0.965926 -0.258819 0.00000000 0 1
1 156 0 -3502.10000000 452.93300000 1348.00000000 0.965926 -0.258819 0.00000000 0 1
1 157 0 -3502.10000000 -452.93300000 1348.00000000 0.965926 0.258819 0.00000000 0 1
1 158 0 -3259.38000000 -1358.80000000 1348.00000000 0.965926 0.258819 0.00000000 0 1
1 159 0 -2806.44000000 -2143.30000000 1348.00000000 0.707107 0.707107 0.00000000 0 1
1 160 0 -2143.30000000 -2806.44000000 1348.00000000 0.707107 0.707107 0.00000000 0 1
1 161 0 -1358.80000000 -3259.38000000 1348.00000000 0.258819 0.965926 0.00000000 0 1
1 162 0 -452.93300000 -3502.10000000 1348.00000000 0.258819 0.965926 0.00000000 0 1
1 163 0 452.93300000 -3502.10000000 1348.00000000 -0.258819 0.965926 0.00000000 0 1
1 164 0 1358.80000000 -3259.38000000 1348.00000000 -0.258819 0.965926 0.00000000 0 1
1 165 0 2143.30000000 -2806.44000000 1348.00000000 -0.707107 0.707107 0.00000000 0 1
1 166 0 2806.44000000 -2143.30000000 1348.00000000 -0.707107 0.707107 0.00000000 0 1
1 167 0 3259.38000000 -1358.80000000 1348.00000000 -0.965926 0.258819 0.00000000 0 1
1 168 0 3502.10000000 -452.93300000 1348.00000000 -0.965926 0.258819 0.00000000 0 1
1 169 0 3502.10000000 452.93300000 2022.00000000 -0.965926 -0.258819 0.00000000 0 1
1 170 0 3259.38000000 1358.80000000 2022.00000000 -0.965926 -0.258819 0.00000000 0 1
1 171 0 2806.44000000 2143.30000000 2022.00000000 -0.707107 -0.707107 0.00000000 0 1
1 172 0 2143.30000000 2806.44000000 2022.00000000 -0.707107 -0.707107 0.00000000 0 1
1 173 0 1358.80000000 3259.38000000 2022.00000000 -0.258819 -0.965926 0.00000000 0 1
1 174 0 452.93300000 3502.10000000 2022.00000000 -0.258819 -0.965926 0.00000000 0 1
1 175 0 -452.93300000 3502.10000000 2022.00000000 0.258819 -0.965926 0.00000000 0 1
1 176 0 -1358.80000000 3259.38000000 2022.00000000 0.258819 -0.965926 0.00000000 0 1
1 177 0 -2143.30000000 2806.44000000 2022.00000000 0.707107 -0.707107 0.00000000 0 1
1 178 0 -2806.44000000 2143.30000000 2022.00000000 0.707107 -0.707107 0.00000000 0 1
1 179 0 -3259.38000000 1358.80000000 2022.00000000 0.965926 -0.258819 0.00000000 0 1
1 180 0 -3502.10000000 452.93300000 2022.00000000 0.965926 -0.258819 0.00000000 0 1
1 181 0 -3502.10000000 -452.93300000 2022.00000000 0.965926 0.258819 0.00000000 0 1
1 182 0 -3259.38000000 -1358.80000000 2022.00000000 0.965926 0.258819 0.00000000 0 1
1 183 0 -2806.44000000 -2143.30000000 2022.00000000 0.707107 0.707107 0.00000000 0 1
1 184 0 -2143.30000000 -2806.44000000 2022.00000000 0.707107 0.707107 0.00000000 0 1
1 185 0 -1358.80000000 -3259.38000000 2022.00000000 0.258819 0.965926 0.00000000 0 1
1 186 0 -452.93300000 -3502.10000000 2022.00000000 0.258819 0.965926 0.00000000 0 1
1 187 0 452.93300000 -3502.10000000 2022.00000000 -0.258819 0.965926 0.00000000 0 1
1 188 0 1358.80000000 -3259.38000000 2022.00000000 -0.258819 0.965926 0.00000000 0 1
1 189 0 2143.30000000 -2806.44000000 2022.00000000 -0.707107 0.707107 0.00000000 0 1
1 190 0 2806.44000000 -2143.30000000 2022.00000000 -0.707107 0.707107 0.00000000 0 1
1 191 0 3259.38000000 -1358.80000000 2022.00000000 -0.965926 0.258819 0.00000000 0 1
1 192 0 3502.10000000 -452.93300000 2022.00000000 -0.965926 0.258819 0.00000000 0 1
1 193 0 3502.10000000 452.93300000 2696.00000000 -0.965926 -0.258819 0.00000000 0 1
1 194 0 3259.38000000 1358.80000000 2696.00000000 -0.965926 -0.258819 0.00000000 0 1
1 195 0 2806.44000000 2143.30000000 2696.00000000 -0.707107 -0.707107 0.00000000 0 1
1 196 0 2143.30000000 2806.44000000 2696.00000000 -0.707107 -0.707107 0.00000000 0 1
1 197 0 1358.80000000 3259.38000000 2696.00000000 -0.258819 -0.965926 0.00000000 0 1
1 198 0 452.93300000 3502.10000000 2696.00000000 -0.258819 -0.965926 0.00000000 0 1
1 199 0 -452.93300000 3502.10000000 2696.00000000 0.258819 -0.965926 0.00000000 0 1
1 200 0 -1358.80000000 3259.38000000 2696.00000000 0.258819 -0.965926 0.00000000 0 1
1 201 0 -2143.30000000 2806.44000000 2696.00000000 0.707107 -0.707107 0.00000000 0 1
1 202 0 -2806.44000000 2143.30000000 2696.00000000 0.707107 -0.707107 0.00000000 0 1
1 203 0 -3259.38000000 1358.80000000 2696.00000000 0.965926 -0.258819 0.00000000 0 1
1 204 0 -3502.10000000 452.93300000 2696.00000000 0.965926 -0.258819 0.00000000 0 1
1 205 0 -3502.10000000 -452.93300000 2696.00000000 0.965926 0.258819 0.00000000 0 1
1 206 0 -3259.38000000 -1358.80000000 2696.00000000 0.965926 0.258819 0.00000000 0 1
1 207 0 -2806.44000000 -2143.30000000 2696.00000000 0.707107 0.707107 0.00000000 0 1
1 208 0 -2143.30000000 -2806.44000000 2696.00000000 0.707107 0.707107 0.00000000 0 1
1 209 0 -1358.80000000 -3259.38000000 2696.00000000 0.258819 0.965926 0.00000000 0 1
1 210 0 -452.93300000 -3502.10000000 2696.00000000 0.258819 0.965926 0.00000000 0 1
1 211 0 452.93300000 -3502.10000000 2696.00000000 -0.258819 0.965926 0.00000000 0 1
1 212 0 1358.80000000 -3259.38000000 2696.00000000 -0.258819 0.965926 0.00000000 0 1
1 213 0 2143.30000000 -2806.44000000 2696.00000000 -0.707107 0.707107 0.00000000 0 1
1 214 0 2806.44000000 -2143.30000000 2696.00000000 -0.707107 0.707107 0.00000000 0 1
1 215 0 3259.38000000 -1358.80000000 2696.00000000 -0.965926 0.258819 0.00000000 0 1
1 216 0 3502.10000000 -452.93300000 2696.00000000 -0.965926 0.258819 0.00000000 0 1
1 217 2 3502.10000000 452.93300000 3370.00000000 -0.965926 -0.258819 0.00000000 0 1
1 218 2 3259.38000000 1358.80000000 3370.00000000 -0.965926 -0.258819 0.00000000 0 1
1 219 2 2806.44000000 2143.30000000 3370.00000000 -0.707107 -0.707107 0.00000000 0 1
1 220 2 2143.30000000 2806.44000000 3370.00000000 -0.707107 -0.707107 0.00000000 0 1
1 221 2 1358.80000000 3259.38000000 3370.00000000 -0.258819 -0.965926 0.00000000 0 1
1 222 2 452.93300000 3502.10000000 3370.00000000 -0.258819 -0.965926 0.00000000 0 1
1 223 2 -452.93300000 3502.10000000 3370.00000000 0.258819 -0.965926 0.00000000 0 1
1 224 2 -1358.80000000 3259.38000000 3370.00000000 0.258819 -0.965926 0.00000000 0 1
1 225 2 -2143.30000000 2806.44000000 3370.00000000 0.707107 -0.707107 0.00000000 0 1
1 226 2 -2806.44000000 2143.30000000 3370.00000000 0.707107 -0.707107 0.00000000 0 1
1 227 2 -3259.38000000 1358.80000000 3370.00000000 0.965926 -0.258819 0.00000000 0 1
1 228 2 -3502.10000000 452.93300000 3370.00000000 0.965926 -0.258819 0.00000000 0 1
1 229 2 -3502.10000000 -452.93300000 3370.00000000 0.965926 0.258819 0.00000000 0 1
1 230 2 -3259.38000000 -1358.80000000 3370.00000000 0.965926 0.258819 0.00000000 0 1
1 231 2 -2806.44000000 -2143.30000000 3370.00000000 0.707107 0.707107 0.00000000 0 1
1 232 2 -2143.30000000 -2806.44000000 3370.00000000 0.707107 0.707107 0.00000000 0 1
1 233 2 -1358.80000000 -3259.38000000 3370.00000000 0.258819 0.965926 0.00000000 0 1
1 234 2 -452.93300000 -3502.10000000 3370.00000000 0.258819 0.965926 0.00000000 0 1
1 235 2 452.93300000 -3502.10000000 3370.00000000 -0.258819 0.965926 0.00000000 0 1
1 236 2 1358.80000000 -3259.38000000 3370.00000000 -0.258819 0.965926 0.00000000 0 1
1 237 2 2143.30000000 -2806.44000000 3370.00000000 -0.707107 0.707107 0.00000000 0 1
1 238 2 2806.44000000 -2143.30000000 3370.00000000 -0.707107 0.707107 0.00000000 0 1
1 239 2 3259.38000000 -1358.80000000 3370.00000000 -0.965926 0.258819 0.00000000 0 1
1 240 2 3502.10000000 -452.93300000 3370.00000000 -0.965926 0.258819 0.00000000 0 1
1 241 1 -2800.00000000 -1200.00000000 4000.00000000 0.000000 0.000000 -1.00000000 0 1
1 242 1 -2800.00000000 -400.00000000 4000.00000000 0.000000 0.000000 -1.00000000 0 1
1 243 1 -2800.00000000 400.00000000 4000.00000000 0.000000 0.000000 -1.00000000 0 1
1 244 1 -2800.00000000 1200.00000000 4000.00000000 0.000000 0.000000 -1.00000000 0 1
1 245 1 -2000.00000000 -2000.00000000 4000.00000000 0.000000 0.000000 -1.00000000 0 1
1 246 1 -2000.00000000 -1200.00000000 4000.00000000 0.000000 0.000000 -1.00000000 0 1
1 247 1 -2000.00000000 -400.00000000 4000.00000000 0.000000 0.000000 -1.00000000 0 1
1 248 1 -2000.00000000 400.00000000 4000.00000000 0.000000 0.000000 -1.00000000 0 1
1 249 1 -2000.00000000 1200.00000000 4000.00000000 0.000000 0.000000 -1.00000000 0 1
1 250 1 -2000.00000000 2000.00000000 4000.00000000 0.000000 0.000000 -1.00000000 0 1
1 251 1 -1200.00000000 -2800.00000000 4000.00000000 0.000000 0.000000 -1.00000000 0 1
1 252 1 -1200.00000000 -2000.00000000 4000.00000000 0.000000 0.000000 -1.00000000 0 1
1 253 1 -1200.00000000 -1200.00000000 4000.00000000 0.000000 0.000000 -1.00000000 0 1
1 254 1 -1200.00000000 -400.00000000 4000.00000000 0.000000 0.000000 -1.00000000 0 1
1 255 1 -1200.00000000 400.00000000 4000.00000000 0.000000 0.000000 -1.00000000 0 1
1 256 1 -1200.00000000 1200.00000000 4000.00000000 0.000000 0.000000 -1.00000000 0 1
1 257 1 -1200.00000000 2000.00000000 4000.00000000 0.000000 0.000000 -1.00000000 0 1
1 258 1 -1200.00000000 2800.00000000 4000.00000000 0.000000 0.000000 -1.00000000 0 1
1 259 1 -400.00000000 -2800.00000000 4000.00000000 0.000000 0.000000 -1.00000000 0 1
1 260 1 -400.00000000 -2000.00000000 4000.00000000 0.000000 0.000000 -1.00000000 0 1
1 261 1 -400.00000000 -1200.00000000 4000.00000000 0.000000 0.000000 -1.00000000 0 1
1 262 1 -400.00000000 -400.00000000 4000.00000000 0.000000 0.000000 -1.00000000 0 1
1 263 1 -400.00000000 400.00000000 4000.00000000 0.000000 0.000000 -1.00000000 0 1
1 264 1 -400.00000000 1200.00000000 4000.00000000 0.000000 0.000000 -1.00000000 0 1
1 265 1 -400.00000000 2000.00000000 4000.00000000 0.000000 0.000000 -1.00000000 0 1
1 266 1 -400.00000000 2800.00000000 4000.00000000 0.000000 0.000000 -1.00000000 0 1
1 267 1 400.00000000 -2800.00000000 4000.00000000 0.000000 0.000000 -1.00000000 0 1
1 268 1 400.00000000 -2000.00000000 4000.00000000 0.000000 0.000000 -1.00000000 0 1
1 269 1 400.00000000 -1200.00000000 4000.00000000 0.000000 0.000000 -1.00000000 0 1
1 270 1 400.00000000 -400.00000000 4000.00000000 0.000000 0.000000 -1.00000000 0 1
1 271 1 400.00000000 400.00000000 4000.00000000 0.000000 0.000000 -1.00000000 0 1
1 272 1 400.00000000 1200.00000000 4000.00000000 0.000000 0.000000 -1.00000000 0 1
1 273 1 400.00000000 2000.00000000 4000.00000000 0.000000 0.000000 -1.00000000 0 1
1 274 1 400.00000000 2800.00000000 4000.00000000 0.000000 0.000000 -1.00000000 0 1
1 275 1 1200.00000000 -2800.00000000 4000.00000000 0.000000 0.000000 -1.00000000 0 1
1 276 1 1200.00000000 -2000.00000000 4000.00000000 0.000000 0.000000 -1.00000000 0 1
1 277 1 1200.00000000 -1200.00000000 4000.00000000 0.000000 0.000000 -1.00000000 0 1
1 278 1 1200.00000000 -400.00000000 4000.00000000 0.000000 0.000000 -1.00000000 0 1
1 279 1 1200.00000000 400.00000000 4000.00000000 0.000000 0.000000 -1.00000000 0 1
1 280 1 1200.00000000 1200.00000000 4000.00000000 0.000000 0.000000 -1.00000000 0 1
1 281 1 1200.00000000 2000.00000000 4000.00000000 0.000000 0.000000 -1.00000000 0 1
1 282 1 1200.00000000 2800.00000000 4000.00000000 0.000000 0.000000 -1.00000000 0 1
1 283 1 2000.00000000 -2000.00000000 4000.00000000 0.000000 0.000000 -1.00000000 0 1
1 284 1 2000.00000000 -1200.00000000 4000.00000000 0.000000 0.000000 -1.00000000 0 1
1 285 1 2000.00000000 -400.00000000 4000.00000000 0.000000 0.000000 -1.00000000 0 1
1 286 1 2000.00000000 400.00000000 4000.00000000 0.000000 0.000000 -1.00000000 0 1
1 287 1 2000.00000000 1200.00000000 4000.00000000 0.000000 0.000000 -1.00000000 0 1
1 288 1 2000.00000000 2000.00000000 4000.00000000 0.000000 0.000000 -1.00000000 0 1
1 289 1 2800.00000000 -1200.00000000 4000.00000000 0.000000 0.000000 -1.00000000 0 1
1 290 1 2800.00000000 -400.00000000 4000.00000000 0.000000 0.000000 -1.00000000 0 1
1 291 1 2800.00000000 400.00000000 4000.00000000 0.000000 0.000000 -1.00000000 0 1
1 292 1 2800.00000000 1200.00000000 4000.00000000 0.000000 0.000000 -1.00000000 0 1
1 293 4 3502.10000000 452.93300000 -3370.00000000 -0.965926 -0.258819 0.00000000 0 1
1 294 4 3259.38000000 1358.80000000 -3370.00000000 -0.965926 -0.258819 0.00000000 0 1
1 295 4 2806.44000000 2143.30000000 -3370.00000000 -0.707107 -0.707107 0.00000000 0 1
1 296 4 2143.30000000 2806.44000000 -3370.00000000 -0.707107 -0.707107 0.00000000 0 1
1 297 4 1358.80000000 3259.38000000 -3370.00000000 -0.258819 -0.965926 0.00000000 0 1
1 298 4 452.93300000 3502.10000000 -3370.00000000 -0.258819 -0.965926 0.00000000 0 1
1 299 4 -452.93300000 3502.10000000 -3370.00000000 0.258819 -0.965926 0.00000000 0 1
1 300 4 -1358.80000000 3259.38000000 -3370.00000000 0.258819 -0.965926 0.00000000 0 1
1 301 4 -2143.30000000 2806.44000000 -3370.00000000 0.707107 -0.707107 0.00000000 0 1
1 302 4 -2806.44000000 2143.30000000 -3370.00000000 0.707107 -0.707107 0.00000000 0 1
1 303 4 -3259.38000000 1358.80000000 -3370.00000000 0.965926 -0.258819 0.00000000 0 1
1 304 4 -3502.10000000 452.93300000 -3370.00000000 0.965926 -0.258819 0.00000000 0 1
1 305 4 -3502.10000000 -452.93300000 -3370.00000000 0.965926 0.258819 0.00000000 0 1
1 306 4 -3259.38000000 -1358.80000000 -3370.00000000 0.965926 0.258819 0.00000000 0 1
1 307 4 -2806.44000000 -2143.30000000 -3370.00000000 0.707107 0.707107 0.00000000 0 1
1 308 4 -2143.30000000 -2806.44000000 -3370.00000000 0.707107 0.707107 0.00000000 0 1
1 309 4 -1358.80000000 -3259.38000000 -3370.00000000 0.258819 0.965926 0.00000000 0 1
1 310 4 -452.93300000 -3502.10000000 -3370.00000000 0.258819 0.965926 0.00000000 0 1
1 311 4 452.93300000 -3502.10000000 -3370.00000000 -0.258819 0.965926 0.00000000 0 1
1 312 4 1358.80000000 -3259.38000000 -3370.00000000 -0.258819 0.965926 0.00000000 0 1
1 313 4 2143.30000000 -2806.44000000 -3370.00000000 -0.707107 0.707107 0.00000000 0 1
1 314 4 2806.44000000 -2143.30000000 -3370.00000000 -0.707107 0.707107 0.00000000 0 1
1 315 4 3259.38000000 -1358.80000000 -3370.00000000 -0.965926 0.258819 0.00000000 0 1
1 316 4 3502.10000000 -452.93300000 -3370.00000000 -0.965926 0.258819 0.00000000 0 1
1 317 3 -2800.00000000 -1200.00000000 -4000.00000000 0.000000 0.000000 1.00000000 0 1
1 318 3 -2800.00000000 -400.00000000 -4000.00000000 0.000000 0.000000 1.00000000 0 1
1 319 3 -2800.00000000 400.00000000 -4000.00000000 0.000000 0.000000 1.00000000 0 1
1 320 3 -2800.00000000 1200.00000000 -4000.00000000 0.000000 0.000000 1.00000000 0 1
1 321 3 -2000.00000000 -2000.00000000 -4000.00000000 0.000000 0.000000 1.00000000 0 1
1 322 3 -2000.00000000 -1200.00000000 -4000.00000000 0.000000 0.000000 1.00000000 0 1
1 323 3 -2000.00000000 -400.00000000 -4000.00000000 0.000000 0.000000 1.00000000 0 1
1 324 3 -2000.00000000 400.00000000 -4000.00000000 0.000000 0.000000 1.00000000 0 1
1 325 3 -2000.00000000 1200.00000000 -4000.00000000 0.000000 0.000000 1.00000000 0 1
1 326 3 -2000.00000000 2000.00000000 -4000.00000000 0.000000 0.000000 1.00000000 0 1
1 327 3 -1200.00000000 -2800.00000000 -4000.00000000 0.000000 0.000000 1.00000000 0 1
1 328 3 -1200.00000000 -2000.00000000 -4000.00000000 0.000000 0.000000 1.00000000 0 1
1 329 3 -1200.00000000 -1200.00000000 -4000.00000000 0.000000 0.000000 1.00000000 0 1
1 330 3 -1200.00000000 -400.00000000 -4000.00000000 0.000000 0.000000 1.00000000 0 1
1 331 3 -1200.00000000 400.00000000 -4000.00000000 0.000000 0.000000 1.00000000 0 1
1 332 3 -1200.00000000 1200.00000000 -4000.00000000 0.000000 0.000000 1.00000000 0 1
1 333 3 -1200.00000000 2000.00000000 -4000.00000000 0.000000 0.000000 1.00000000 0 1
1 334 3 -1200.00000000 2800.00000000 -4000.00000000 0.000000 0.000000 1.00000000 0 1
1 335 3 -400.00000000 -2800.00000000 -4000.00000000 0.000000 0.000000 1.00000000 0 1
1 336 3 -400.00000000 -2000.00000000 -4000.00000000 0.000000 0.000000 1.00000000 0 1
1 337 3 -400.00000000 -1200.00000000 -4000.00000000 0.000000 0.000000 1.00000000 0 1
1 338 3 -400.00000000 -400.00000000 -4000.00000000 0.000000 0.000000 1.00000000 0 1
1 339 3 -400.00000000 400.00000000 -4000.00000000 0.000000 0.000000 1.00000000 0 1
1 340 3 -400.00000000 1200.00000000 -4000.00000000 0.000000 0.000000 1.00000000 0 1
1 341 3 -400.00000000 2000.00000000 -4000.00000000 0.000000 0.000000 1.00000000 0 1
1 342 3 -400.00000000 2800.00000000 -4000.00000000 0.000000 0.000000 1.00000000 0 1
1 343 3 400.00000000 -2800.00000000 -4000.00000000 0.000000 0.000000 1.00000000 0 1
1 344 3 400.00000000 -2000.00000000 -4000.00000000 0.000000 0.000000 1.00000000 0 1
1 345 3 400.00000000 -1200.00000000 -4000.00000000 0.000000 0.000000 1.00000000 0 1
1 346 3 400.00000000 -400.00000000 -4000.00000000 0.000000 0.000000 1.00000000 0 1
1 347 3 400.00000000 400.00000000 -4000.00000000 0.000000 0.000000 1.00000000 0 1
1 348 3 400.00000000 1200.00000000 -4000.00000000 0.000000 0.000000 1.00000000 0 1
1 349 3 400.00000000 2000.00000000 -4000.00000000 0.000000 0.000000 1.00000000 0 1
1 350 3 400.00000000 2800.00000000 -4000.00000000 0.000000 0.000000 1.00000000 0 1
1 351 3 1200.00000000 -2800.00000000 -4000.00000000 0.000000 0.000000 1.00000000 0 1
1 352 3 1200.00000000 -2000.00000000 -4000.00000000 0.000000 0.000000 1.00000000 0 1
1 353 3 1200.00000000 -1200.00000000 -4000.00000000 0.000000 0.000000 1.00000000 0 1
1 354 3 1200.00000000 -400.00000000 -4000.00000000 0.000000 0.000000 1.00000000 0 1
1 355 3 1200.00000000 400.00000000 -4000.00000000 0.000000 0.000000 1.00000000 0 1
1 356 3 1200.00000000 1200.00000000 -4000.00000000 0.000000 0.000000 1.00000000 0 1
1 357 3 1200.00000000 2000.00000000 -4000.00000000 0.000000 0.000000 1.00000000 0 1
1 358 3 1200.00000000 2800.00000000 -4000.00000000 0.000000 0.000000 1.00000000 0 1
1 359 3 2000.00000000 -2000.00000000 -4000.00000000 0.000000 0.000000 1.00000000 0 1
1 360 3 2000.00000000 -1200.00000000 -4000.00000000 0.000000 0.000000 1.00000000 0 1
1 361 3 2000.00000000 -400.00000000 -4000.00000000 0.000000 0.000000 1.00000000 0 1
1 362 3 2000.00000000 400.00000000 -4000.00000000 0.000000 0.000000 1.00000000 0 1
1 363 3 2000.00000000 1200.00000000 -4000.00000000 0.000000 0.000000 1.00000000 0 1
1 364 3 2000.00000000 2000.00000000 -4000.00000000 0.000000 0.000000 1.00000000 0 1
1 365 3 2800.00000000 -1200.00000000 -4000.00000000 0.000000 0.000000 1.00000000 0 1
1 366 3 2800.00000000 -400.00000000 -4000.00000000 0.000000 0.000000 1.00000000 0 1
1 367 3 2800.00000000 400.00000000 -4000.00000000 0.000000 0.000000 1.00000000 0 1
1 368 3 2800.00000000 1200.00000000 -4000.00000000 0.000000 0.000000 1.00000000 0 1