# For a description of the format of this file, see $WCSIM_SOURCE_DIR/doc/PMTPositionTableFormat.md

#DATASTART
4 1 0 3502.10000000 452.93300000 -2840.00000000 -0.965926 -0.258819 0.00000000 0 1
4 2 0 3259.38000000 1358.80000000 -2840.00000000 -0.965926 -0.258819 0.00000000 0 1
4 3 0 2806.44000000 2143.30000000 -2840.00000000 -0.707107 -0.707107 0.00000000 0 1
4 4 0 2143.30000000 2806.44000000 -2840.00000000 -0.707107 -0.707107 0.00000000 0 1
4 5 0 1358.80000000 3259.38000000 -2840.00000000 -0.258819 -0.965926 0.00000000 0 1
4 6 0 452.93300000 3502.10000000 -2840.00000000 -0.258819 -0.965926 0.00000000 0 1
4 7 0 -452.93300000 3502.10000000 -2840.00000000 0.258819 -0.965926 0.00000000 0 1
4 8 0 -1358.80000000 3259.38000000 -2840.00000000 0.258819 -0.965926 0.00000000 0 1
4 9 0 -2143.30000000 2806.44000000 -2840.00000000 0.707107 -0.707107 0.00000000 0 1
4 10 0 -2806.44000000 2143.30000000 -2840.00000000 0.707107 -0.707107 0.00000000 0 1
4 11 0 -3259.38000000 1358.80000000 -2840.00000000 0.965926 -0.258819 0.00000000 0 1
4 12 0 -3502.10000000 452.93300000 -2840.00000000 0.965926 -0.258819 0.00000000 0 1
4 13 0 -3502.10000000 -452.93300000 -2840.00000000 0.965926 0.258819 0.00000000 0 1
4 14 0 -3259.38000000 -1358.80000000 -2840.00000000 0.965926 0.258819 0.00000000 0 1
4 15 0 -2806.44000000 -2143.30000000 -2840.00000000 0.707107 0.707107 0.00000000 0 1
4 16 0 -2143.30000000 -2806.44000000 -2840.00000000 0.707107 0.707107 0.00000000 0 1
4 17 0 -1358.80000000 -3259.38000000 -2840.00000000 0.258819 0.965926 0.00000000 0 1
4 18 0 -452.93300000 -3502.10000000 -2840.00000000 0.258819 0.965926 0.00000000 0 1
4 19 0 452.93300000 -3502.10000000 -2840.00000000 -0.258819 0.965926 0.00000000 0 1
4 20 0 1358.80000000 -3259.38000000 -2840.00000000 -0.258819 0.965926 0.00000000 0 1
4 21 0 2143.30000000 -2806.44000000 -2840.00000000 -0.707107 0.707107 0.00000000 0 1
4 22 0 2806.44000000 -2143.30000000 -2840.00000000 -0.707107 0.707107 0.00000000 0 1
4 23 0 3259.38000000 -1358.80000000 -2840.00000000 -0.965926 0.258819 0.00000000 0 1
4 24 0 3502.10000000 -452.93300000 -2840.00000000 -0.965926 0.258819 0.00000000 0 1
4 25 0 3502.10000000 452.93300000 -2130.00000000 -0.965926 -0.258819 0.00000000 0 1
4 26 0 3259.38000000 1358.80000000 -2130.00000000 -0.965926 -0.258819 0.00000000 0 1
4 27 0 2806.44000000 2143.30000000 -2130.00000000 -0.707107 -0.707107 0.00000000 0 1
4 28 0 2143.30000000 2806.44000000 -2130.00000000 -0.707107 -0.707107 0.00000000 0 1
4 29 0 1358.80000000 3259.38000000 -2130.00000000 -0.258819 -0.965926 0.00000000 0 1
4 30 0 452.93300000 3502.10000000 -2130.00000000 -0.258819 -0.965926 0.00000000 0 1
4 31 0 -452.93300000 3502.10000000 -2130.00000000 0.258819 -0.965926 0.00000000 0 1
4 32 0 -1358.80000000 3259.38000000 -2130.00000000 0.258819 -0.965926 0.00000000 0 1
4 33 0 -2143.30000000 2806.44000000 -2130.00000000 0.707107 -0.707107 0.00000000 0 1
4 34 0 -2806.44000000 2143.30000000 -2130.00000000 0.707107 -0.707107 0.00000000 0 1
4 35 0 -3259.38000000 1358.80000000 -2130.00000000 0.965926 -0.258819 0.00000000 0 1
4 36 0 -3502.10000000 452.93300000 -2130.00000000 0.965926 -0.258819 0.00000000 0 1
4 37 0 -3502.10000000 -452.93300000 -2130.00000000 0.965926 0.258819 0.00000000 0 1
4 38 0 -3259.38000000 -1358.80000000 -2130.00000000 0.965926 0.258819 0.00000000 0 1
4 39 0 -2806.44000000 -2143.30000000 -2130.00000000 0.707107 0.707107 0.00000000 0 1
4 40 0 -2143.30000000 -2806.44000000 -2130.00000000 0.707107 0.707107 0.00000000 0 1
4 41 0 -1358.80000000 -3259.38000000 -2130.00000000 0.258819 0.965926 0.00000000 0 1
4 42 0 -452.93300000 -3502.10000000 -2130.00000000 0.258819 0.965926 0.00000000 0 1
4 43 0 452.93300000 -3502.10000000 -2130.00000000 -0.258819 0.965926 0.00000000 0 1
4 44 0 1358.80000000 -3259.38000000 -2130.00000000 -0.258819 0.965926 0.00000000 0 1
4 45 0 2143.30000000 -2806.44000000 -2130.00000000 -0.707107 0.707107 0.00000000 0 1
4 46 0 2806.44000000 -2143.30000000 -2130.00000000 -0.707107 0.707107 0.00000000 0 1
4 47 0 3259.38000000 -1358.80000000 -2130.00000000 -0.965926 0.258819 0.00000000 0 1
4 48 0 3502.10000000 -452.93300000 -2130.00000000 -0.965926 0.258819 0.00000000 0 1
4 49 0 3502.10000000 452.93300000 -1420.00000000 -0.965926 -0.258819 0.00000000 0 1
4 50 0 3259.38000000 1358.80000000 -1420.00000000 -0.965926 -0.258819 0.00000000 0 1
4 51 0 2806.44000000 2143.30000000 -1420.00000000 -0.707107 -0.707107 0.00000000 0 1
4 52 0 2143.30000000 2806.44000000 -1420.00000000 -0.707107 -0.707107 0.00000000 0 1
4 53 0 1358.80000000 3259.38000000 -1420.00000000 -0.258819 -0.965926 0.00000000 0 1
4 54 0 452.93300000 3502.10000000 -1420.00000000 -0.258819 -0.965926 0.00000000 0 1
4 55 0 -452.93300000 3502.10000000 -1420.00000000 0.258819 -0.965926 0.00000000 0 1
4 56 0 -1358.80000000 3259.38000000 -1420.00000000 0.258819 -0.965926 0.00000000 0 1
4 57 0 -2143.30000000 2806.44000000 -1420.00000000 0.707107 -0.707107 0.00000000 0 1
4 58 0 -2806.44000000 2143.30000000 -1420.00000000 0.707107 -0.707107 0.00000000 0 1
4 59 0 -3259.38000000 1358.80000000 -1420.00000000 0.965926 -0.258819 0.00000000 0 1
4 60 0 -3502.10000000 452.93300000 -1420.00000000 0.965926 -0.258819 0.00000000 0 1
4 61 0 -3502.10000000 -452.93300000 -1420.00000000 0.965926 0.258819 0.00000000 0 1
4 62 0 -3259.38000000 -1358.80000000 -1420.00000000 0.965926 0.258819 0.00000000 0 1
4 63 0 -2806.44000000 -2143.30000000 -1420.00000000 0.707107 0.707107 0.00000000 0 1
4 64 0 -2143.30000000 -2806.44000000 -1420.00000000 0.707107 0.707107 0.00000000 0 1
4 65 0 -1358.80000000 -3259.38000000 -1420.00000000 0.258819 0.965926 0.00000000 0 1
4 66 0 -452.93300000 -3502.10000000 -1420.00000000 0.258819 0.965926 0.00000000 0 1
4 67 0 452.93300000 -3502.10000000 -1420.00000000 -0.258819 0.965926 0.00000000 0 1
4 68 0 1358.80000000 -3259.38000000 -1420.00000000 -0.258819 0.965926 0.00000000 0 1
4 69 0 2143.30000000 -2806.44000000 -1420.00000000 -0.707107 0.707107 0.00000000 0 1
4 70 0 2806.44000000 -2143.30000000 -1420.00000000 -0.707107 0.707107 0.00000000 0 1
4 71 0 3259.38000000 -1358.80000000 -1420.00000000 -0.965926 0.258819 0.00000000 0 1
4 72 0 3502.10000000 -452.93300000 -1420.00000000 -0.965926 0.258819 0.00000000 0 1
4 73 0 3502.10000000 452.93300000 -710.00000000 -0.965926 -0.258819 0.00000000 0 1
4 74 0 3259.38000000 1358.80000000 -710.00000000 -0.965926 -0.258819 0.00000000 0 1
4 75 0 2806.44000000 2143.30000000 -710.00000000 -0.707107 -0.707107 0.00000000 0 1
4 76 0 2143.30000000 2806.44000000 -710.00000000 -0.707107 -0.707107 0.00000000 0 1
4 77 0 1358.80000000 3259.38000000 -710.00000000 -0.258819 -0.965926 0.00000000 0 1
4 78 0 452.93300000 3502.10000000 -710.00000000 -0.258819 -0.965926 0.00000000 0 1
4 79 0 -452.93300000 3502.10000000 -710.00000000 0.258819 -0.965926 0.00000000 0 1
4 80 0 -1358.80000000 3259.38000000 -710.00000000 0.258819 -0.965926 0.00000000 0 1
4 81 0 -2143.30000000 2806.44000000 -710.00000000 0.707107 -0.707107 0.00000000 0 1
4 82 0 -2806.44000000 2143.30000000 -710.00000000 0.707107 -0.707107 0.00000000 0 1
4 83 0 -3259.38000000 1358.80000000 -710.00000000 0.965926 -0.258819 0.00000000 0 1
4 84 0 -3502.10000000 452.93300000 -710.00000000 0.965926 -0.258819 0.00000000 0 1
4 85 0 -3502.10000000 -452.93300000 -710.00000000 0.965926 0.258819 0.00000000 0 1
4 86 0 -3259.38000000 -1358.80000000 -710.00000000 0.965926 0.258819 0.00000000 0 1
4 87 0 -2806.44000000 -2143.30000000 -710.00000000 0.707107 0.707107 0.00000000 0 1
4 88 0 -2143.30000000 -2806.44000000 -710.00000000 0.707107 0.707107 0.00000000 0 1
4 89 0 -1358.80000000 -3259.38000000 -710.00000000 0.258819 0.965926 0.00000000 0 1
4 90 0 -452.93300000 -3502.10000000 -710.00000000 0.258819 0.965926 0.00000000 0 1
4 91 0 452.93300000 -3502.10000000 -710.00000000 -0.258819 0.965926 0.00000000 0 1
4 92 0 1358.80000000 -3259.38000000 -710.00000000 -0.258819 0.965926 0.00000000 0 1
4 93 0 2143.30000000 -2806.44000000 -710.00000000 -0.707107 0.707107 0.00000000 0 1
4 94 0 2806.44000000 -2143.30000000 -710.00000000 -0.707107 0.707107 0.00000000 0 1
4 95 0 3259.38000000 -1358.80000000 -710.00000000 -0.965926 0.258819 0.00000000 0 1
4 96 0 3502.10000000 -452.93300000 -710.00000000 -0.965926 0.258819 0.00000000 0 1
4 97 0 3502.10000000 452.93300000 0.00000000 -0.965926 -0.258819 0.00000000 0 1
4 98 0 3259.38000000 1358.80000000 0.00000000 -0.965926 -0.258819 0.00000000 0 1
4 99 0 2806.44000000 2143.30000000 0.00000000 -0.707107 -0.707107 0.00000000 0 1
4 100 0 2143.30000000 2806.44000000 0.00000000 -0.707107 -0.707107 0.00000000 0 1
4 101 0 1358.80000000 3259.38000000 0.00000000 -0.258819 -0.965926 0.00000000 0 1
4 102 0 452.93300000 3502.10000000 0.00000000 -0.258819 -0.965926 0.00000000 0 1
4 103 0 -452.93300000 3502.10000000 0.00000000 0.258819 -0.965926 0.00000000 0 1
4 104 0 -1358.80000000 3259.38000000 0.00000000 0.258819 -0.965926 0.00000000 0 1
4 105 0 -2143.30000000 2806.44000000 0.00000000 0.707107 -0.707107 0.00000000 0 1
4 106 0 -2806.44000000 2143.30000000 0.00000000 0.707107 -0.707107 0.00000000 0 1
4 107 0 -3259.38000000 1358.80000000 0.00000000 0.965926 -0.258819 0.00000000 0 1
4 108 0 -3502.10000000 452.93300000 0.00000000 0.965926 -0.258819 0.00000000 0 1
4 109 0 -3502.10000000 -452.93300000 0.00000000 0.965926 0.258819 0.00000000 0 1
4 110 0 -3259.38000000 -1358.80000000 0.00000000 0.965926 0.258819 0.00000000 0 1
4 111 0 -2806.44000000 -2143.30000000 0.00000000 0.707107 0.707107 0.00000000 0 1
4 112 0 -2143.30000000 -2806.44000000 0.00000000 0.707107 0.707107 0.00000000 0 1
4 113 0 -1358.80000000 -3259.38000000 0.00000000 0.258819 0.965926 0.00000000 0 1
4 114 0 -452.93300000 -3502.10000000 0.00000000 0.258819 0.965926 0.00000000 0 1
4 115 0 452.93300000 -3502.10000000 0.00000000 -0.258819 0.965926 0.00000000 0 1
4 116 0 1358.80000000 -3259.38000000 0.00000000 -0.258819 0.965926 0.00000000 0 1
4 117 0 2143.30000000 -2806.44000000 0.00000000 -0.707107 0.707107 0.00000000 0 1
4 118 0 2806.44000000 -2143.30000000 0.00000000 -0.707107 0.707107 0.00000000 0 1
4 119 0 3259.38000000 -1358.80000000 0.00000000 -0.965926 0.258819 0.00000000 0 1
4 120 0 3502.10000000 -452.93300000 0.00000000 -0.965926 0.258819 0.00000000 0 1
4 121 0 3502.10000000 452.93300000 710.00000000 -0.965926 -0.258819 0.00000000 0 1
4 122 0 3259.38000000 1358.80000000 710.00000000 -0.965926 -0.258819 0.00000000 0 1
4 123 0 2806.44000000 2143.30000000 710.00000000 -0.707107 -0.707107 0.00000000 0 1
4 124 0 2143.30000000 2806.44000000 710.00000000 -0.707107 -0.707107 0.00000000 0 1
4 125 0 1358.80000000 3259.38000000 710.00000000 -0.258819 -0.965926 0.00000000 0 1
4 126 0 452.93300000 3502.10000000 710.00000000 -0.258819 -0.965926 0.00000000 0 1
4 127 0 -452.93300000 3502.10000000 710.00000000 0.258819 -0.965926 0.00000000 0 1
4 128 0 -1358.80000000 3259.38000000 710.00000000 0.258819 -0.965926 0.00000000 0 1
4 129 0 -2143.30000000 2806.44000000 710.00000000 0.707107 -0.707107 0.00000000 0 1
4 130 0 -2806.44000000 2143.30000000 710.00000000 0.707107 -0.707107 0.00000000 0 1
4 131 0 -3259.38000000 1358.80000000 710.00000000 0.965926 -0.258819 0.00000000 0 1
4 132 0 -3502.10000000 452.93300000 710.00000000 0.965926 -0.258819 0.00000000 0 1
4 133 0 -3502.10000000 -452.93300000 710.00000000 0.965926 0.258819 0.00000000 0 1
4 134 0 -3259.38000000 -1358.80000000 710.00000000 0.965926 0.258819 0.00000000 0 1
4 135 0 -2806.44000000 -2143.30000000 710.00000000 0.707107 0.707107 0.00000000 0 1
4 136 0 -2143.30000000 -2806.44000000 710.00000000 0.707107 0.707107 0.00000000 0 1
4 137 0 -1358.80000000 -3259.38000000 710.00000000 0.258819 0.965926 0.00000000 0 1
4 138 0 -452.93300000 -3502.10000000 710.00000000 0.258819 0.965926 0.00000000 0 1
4 139 0 452.93300000 -3502.10000000 710.00000000 -0.258819 0.965926 0.00000000 0 1
4 140 0 1358.80000000 -3259.38000000 710.00000000 -0.258819 0.965926 0.00000000 0 1
4 141 0 2143.30000000 -2806.44000000 710.00000000 -0.707107 0.707107 0.00000000 0 1
4 142 0 2806.44000000 -2143.30000000 710.00000000 -0.707107 0.707107 0.00000000 0 1
4 143 0 3259.38000000 -1358.80000000 710.00000000 -0.965926 0.258819 0.00000000 0 1
4 144 0 3502.10000000 -452.93300000 710.00000000 -0.965926 0.258819 0.00000000 0 1
4 145 0 3502.10000000 452.93300000 1420.00000000 -0.965926 -0.258819 0.00000000 0 1
4 146 0 3259.38000000 1358.80000000 1420.00000000 -0.965926 -0.258819 0.00000000 0 1
4 147 0 2806.44000000 2143.30000000 1420.00000000 -0.707107 -0.707107 0.00000000 0 1
4 148 0 2143.30000000 2806.44000000 1420.00000000 -0.707107 -0.707107 0.00000000 0 1
4 149 0 1358.80000000 3259.38000000 1420.00000000 -0.258819 -0.965926 0.00000000 0 1
4 150 0 452.93300000 3502.10000000 1420.00000000 -0.258819 -0.965926 0.00000000 0 1
4 151 0 -452.93300000 3502.10000000 1420.00000000 0.258819 -0.965926 0.00000000 0 1
4 152 0 -1358.80000000 3259.38000000 1420.00000000 0.258819 -0.965926 0.00000000 0 1
4 153 0 -2143.30000000 2806.44000000 1420.00000000 0.707107 -0.707107 0.00000000 0 1
4 154 0 -2806.44000000 2143.30000000 1420.00000000 0.707107 -0.707107 0.00000000 0 1
4 155 0 -3259.38000000 1358.80000000 1420.00000000 0.965926 -0.258819 0.00000000 0 1
4 156 0 -3502.10000000 452.93300000 1420.00000000 0.965926 -0.258819 0.00000000 0 1
4 157 0 -3502.10000000 -452.93300000 1420.00000000 0.965926 0.258819 0.00000000 0 1
4 158 0 -3259.38000000 -1358.80000000 1420.00000000 0.965926 0.258819 0.00000000 0 1
4 159 0 -2806.44000000 -2143.30000000 1420.00000000 0.707107 0.707107 0.00000000 0 1
4 160 0 -2143.30000000 -2806.44000000 1420.00000000 0.707107 0.707107 0.00000000 0 1
4 161 0 -1358.80000000 -3259.38000000 1420.00000000 0.258819 0.965926 0.00000000 0 1
4 162 0 -452.93300000 -3502.10000000 1420.00000000 0.258819 0.965926 0.00000000 0 1
4 163 0 452.93300000 -3502.10000000 1420.00000000 -0.258819 0.965926 0.00000000 0 1
4 164 0 1358.80000000 -3259.38000000 1420.00000000 -0.258819 0.965926 0.00000000 0 1
4 165 0 2143.30000000 -2806.44000000 1420.00000000 -0.707107 0.707107 0.00000000 0 1
4 166 0 2806.44000000 -2143.30000000 1420.00000000 -0.707107 0.707107 0.00000000 0 1
4 167 0 3259.38000000 -1358.80000000 1420.00000000 -0.965926 0.258819 0.00000000 0 1
4 168 0 3502.10000000 -452.93300000 1420.00000000 -0.965926 0.258819 0.00000000 0 1
4 169 0 3502.10000000 452.93300000 2130.00000000 -0.965926 -0.258819 0.00000000 0 1
4 170 0 3259.38000000 1358.80000000 2130.00000000 -0.965926 -0.258819 0.00000000 0 1
4 171 0 2806.44000000 2143.30000000 2130.00000000 -0.707107 -0.707107 0.00000000 0 1
4 172 0 2143.30000000 2806.44000000 2130.00000000 -0.707107 -0.707107 0.00000000 0 1
4 173 0 1358.80000000 3259.38000000 2130.00000000 -0.258819 -0.965926 0.00000000 0 1
4 174 0 452.93300000 3502.10000000 2130.00000000 -0.258819 -0.965926 0.00000000 0 1
4 175 0 -452.93300000 3502.10000000 2130.00000000 0.258819 -0.965926 0.00000000 0 1
4 176 0 -1358.80000000 3259.38000000 2130.00000000 0.258819 -0.965926 0.00000000 0 1
4 177 0 -2143.30000000 2806.44000000 2130.00000000 0.707107 -0.707107 0.00000000 0 1
4 178 0 -2806.44000000 2143.30000000 2130.00000000 0.707107 -0.707107 0.00000000 0 1
4 179 0 -3259.38000000 1358.80000000 2130.00000000 0.965926 -0.258819 0.00000000 0 1
4 180 0 -3502.10000000 452.93300000 2130.00000000 0.965926 -0.258819 0.00000000 0 1
4 181 0 -3502.10000000 -452.93300000 2130.00000000 0.965926 0.258819 0.00000000 0 1
4 182 0 -3259.38000000 -1358.80000000 2130.00000000 0.965926 0.258819 0.00000000 0 1
4 183 0 -2806.44000000 -2143.30000000 2130.00000000 0.707107 0.707107 0.00000000 0 1
4 184 0 -2143.30000000 -2806.44000000 2130.00000000 0.707107 0.707107 0.00000000 0 1
4 185 0 -1358.80000000 -3259.38000000 2130.00000000 0.258819 0.965926 0.00000000 0 1
4 186 0 -452.93300000 -3502.10000000 2130.00000000 0.258819 0.965926 0.00000000 0 1
4 187 0 452.93300000 -3502.10000000 2130.00000000 -0.258819 0.965926 0.00000000 0 1
4 188 0 1358.80000000 -3259.38000000 2130.00000000 -0.258819 0.965926 0.00000000 0 1
4 189 0 2143.30000000 -2806.44000000 2130.00000000 -0.707107 0.707107 0.00000000 0 1
4 190 0 2806.44000000 -2143.30000000 2130.00000000 -0.707107 0.707107 0.00000000 0 1
4 191 0 3259.38000000 -1358.80000000 2130.00000000 -0.965926 0.258819 0.00000000 0 1
4 192 0 3502.10000000 -452.93300000 2130.00000000 -0.965926 0.258819 0.00000000 0 1
4 193 0 3502.10000000 452.93300000 2840.00000000 -0.965926 -0.258819 0.00000000 0 1
4 194 0 3259.38000000 1358.80000000 2840.00000000 -0.965926 -0.258819 0.00000000 0 1
4 195 0 2806.44000000 2143.30000000 2840.00000000 -0.707107 -0.707107 0.00000000 0 1
4 196 0 2143.30000000 2806.44000000 2840.00000000 -0.707107 -0.707107 0.00000000 0 1
4 197 0 1358.80000000 3259.38000000 2840.00000000 -0.258819 -0.965926 0.00000000 0 1
4 198 0 452.93300000 3502.10000000 2840.00000000 -0.258819 -0.965926 0.00000000 0 1
4 199 0 -452.93300000 3502.10000000 2840.00000000 0.258819 -0.965926 0.00000000 0 1
4 200 0 -1358.80000000 3259.38000000 2840.00000000 0.258819 -0.965926 0.00000000 0 1
4 201 0 -2143.30000000 2806.44000000 2840.00000000 0.707107 -0.707107 0.00000000 0 1
4 202 0 -2806.44000000 2143.30000000 2840.00000000 0.707107 -0.707107 0.00000000 0 1
4 203 0 -3259.38000000 1358.80000000 2840.00000000 0.965926 -0.258819 0.00000000 0 1
4 204 0 -3502.10000000 452.93300000 2840.00000000 0.965926 -0.258819 0.00000000 0 1
4 205 0 -3502.10000000 -452.93300000 2840.00000000 0.965926 0.258819 0.00000000 0 1
4 206 0 -3259.38000000 -1358.80000000 2840.00000000 0.965926 0.258819 0.00000000 0 1
4 207 0 -2806.44000000 -2143.30000000 2840.00000000 0.707107 0.707107 0.00000000 0 1
4 208 0 -2143.30000000 -2806.44000000 2840.00000000 0.707107 0.707107 0.00000000 0 1
4 209 0 -1358.80000000 -3259.38000000 2840.00000000 0.258819 0.965926 0.00000000 0 1
4 210 0 -452.93300000 -3502.10000000 2840.00000000 0.258819 0.965926 0.00000000 0 1
4 211 0 452.93300000 -3502.10000000 2840.00000000 -0.258819 0.965926 0.00000000 0 1
4 212 0 1358.80000000 -3259.38000000 2840.00000000 -0.258819 0.965926 0.00000000 0 1
4 213 0 2143.30000000 -2806.44000000 2840.00000000 -0.707107 0.707107 0.00000000 0 1
4 214 0 2806.44000000 -2143.30000000 2840.00000000 -0.707107 0.707107 0.00000000 0 1
4 215 0 3259.38000000 -1358.80000000 2840.00000000 -0.965926 0.258819 0.00000000 0 1
4 216 0 3502.10000000 -452.93300000 2840.00000000 -0.965926 0.258819 0.00000000 0 1
4 217 2 3502.10000000 452.93300000 3550.00000000 -0.965926 -0.258819 0.00000000 0 1
4 218 2 3259.38000000 1358.80000000 3550.00000000 -0.965926 -0.258819 0.00000000 0 1
4 219 2 2806.44000000 2143.30000000 3550.00000000 -0.707107 -0.707107 0.00000000 0 1
4 220 2 2143.30000000 2806.44000000 3550.00000000 -0.707107 -0.707107 0.00000000 0 1
4 221 2 1358.80000000 3259.38000000 3550.00000000 -0.258819 -0.965926 0.00000000 0 1
4 222 2 452.93300000 3502.10000000 3550.00000000 -0.258819 -0.965926 0.00000000 0 1
4 223 2 -452.93300000 3502.10000000 3550.00000000 0.258819 -0.965926 0.00000000 0 1
4 224 2 -1358.80000000 3259.38000000 3550.00000000 0.258819 -0.965926 0.00000000 0 1
4 225 2 -2143.30000000 2806.44000000 3550.00000000 0.707107 -0.707107 0.00000000 0 1
4 226 2 -2806.44000000 2143.30000000 3550.00000000 0.707107 -0.707107 0.00000000 0 1
4 227 2 -3259.38000000 1358.80000000 3550.00000000 0.965926 -0.258819 0.00000000 0 1
4 228 2 -3502.10000000 452.93300000 3550.00000000 0.965926 -0.258819 0.00000000 0 1
4 229 2 -3502.10000000 -452.93300000 3550.00000000 0.965926 0.258819 0.00000000 0 1
4 230 2 -3259.38000000 -1358.80000000 3550.00000000 0.965926 0.258819 0.00000000 0 1
4 231 2 -2806.44000000 -2143.30000000 3550.00000000 0.707107 0.707107 0.00000000 0 1
4 232 2 -2143.30000000 -2806.44000000 3550.00000000 0.707107 0.707107 0.00000000 0 1
4 233 2 -1358.80000000 -3259.38000000 3550.00000000 0.258819 0.965926 0.00000000 0 1
4 234 2 -452.93300000 -3502.10000000 3550.00000000 0.258819 0.965926 0.00000000 0 1
4 235 2 452.93300000 -3502.10000000 3550.00000000 -0.258819 0.965926 0.00000000 0 1
4 236 2 1358.80000000 -3259.38000000 3550.00000000 -0.258819 0.965926 0.00000000 0 1
4 237 2 2143.30000000 -2806.44000000 3550.00000000 -0.707107 0.707107 0.00000000 0 1
4 238 2 2806.44000000 -2143.30000000 3550.00000000 -0.707107 0.707107 0.00000000 0 1
4 239 2 3259.38000000 -1358.80000000 3550.00000000 -0.965926 0.258819 0.00000000 0 1
4 240 2 3502.10000000 -452.93300000 3550.00000000 -0.965926 0.258819 0.00000000 0 1
4 241 1 -2800.00000000 -1200.00000000 4000.00000000 0.000000 0.000000 -1.00000000 0 1
4 242 1 -2800.00000000 -400.00000000 4000.00000000 0.000000 0.000000 -1.00000000 0 1
4 243 1 -2800.00000000 400.00000000 4000.00000000 0.000000 0.000000 -1.00000000 0 1
4 244 1 -2800.00000000 1200.00000000 4000.00000000 0.000000 0.000000 -1.00000000 0 1
4 245 1 -2000.00000000 -2000.00000000 4000.00000000 0.000000 0.000000 -1.00000000 0 1
4 246 1 -2000.00000000 -1200.00000000 4000.00000000 0.000000 0.000000 -1.00000000 0 1
4 247 1 -2000.00000000 -400.00000000 4000.00000000 0.000000 0.000000 -1.00000000 0 1
4 248 1 -2000.00000000 400.00000000 4000.00000000 0.000000 0.000000 -1.00000000 0 1
4 249 1 -2000.00000000 1200.00000000 4000.00000000 0.000000 0.000000 -1.00000000 0 1
4 250 1 -2000.00000000 2000.00000000 4000.00000000 0.000000 0.000000 -1.00000000 0 1
4 251 1 -1200.00000000 -2800.00000000 4000.00000000 0.000000 0.000000 -1.00000000 0 1
4 252 1 -1200.00000000 -2000.00000000 4000.00000000 0.000000 0.000000 -1.00000000 0 1
4 253 1 -1200.00000000 -1200.00000000 4000.00000000 0.000000 0.000000 -1.00000000 0 1
4 254 1 -1200.00000000 -400.00000000 4000.00000000 0.000000 0.000000 -1.00000000 0 1
4 255 1 -1200.00000000 400.00000000 4000.00000000 0.000000 0.000000 -1.00000000 0 1
4 256 1 -1200.00000000 1200.00000000 4000.00000000 0.000000 0.000000 -1.00000000 0 1
4 257 1 -1200.00000000 2000.00000000 4000.00000000 0.000000 0.000000 -1.00000000 0 1
4 258 1 -1200.00000000 2800.00000000 4000.00000000 0.000000 0.000000 -1.00000000 0 1
4 259 1 -400.00000000 -2800.00000000 4000.00000000 0.000000 0.000000 -1.00000000 0 1
4 260 1 -400.00000000 -2000.00000000 4000.00000000 0.000000 0.000000 -1.00000000 0 1
4 261 1 -400.00000000 -1200.00000000 4000.00000000 0.000000 0.000000 -1.00000000 0 1
4 262 1 -400.00000000 -400.00000000 4000.00000000 0.000000 0.000000 -1.00000000 0 1
4 263 1 -400.00000000 400.00000000 4000.00000000 0.000000 0.000000 -1.00000000 0 1
4 264 1 -400.00000000 1200.00000000 4000.00000000 0.000000 0.000000 -1.00000000 0 1
4 265 1 -400.00000000 2000.00000000 4000.00000000 0.000000 0.000000 -1.00000000 0 1
4 266 1 -400.00000000 2800.00000000 4000.00000000 0.000000 0.000000 -1.00000000 0 1
4 267 1 400.00000000 -2800.00000000 4000.00000000 0.000000 0.000000 -1.00000000 0 1
4 268 1 400.00000000 -2000.00000000 4000.00000000 0.000000 0.000000 -1.00000000 0 1
4 269 1 400.00000000 -1200.00000000 4000.00000000 0.000000 0.000000 -1.00000000 0 1
4 270 1 400.00000000 -400.00000000 4000.00000000 0.000000 0.000000 -1.00000000 0 1
4 271 1 400.00000000 400.00000000 4000.00000000 0.000000 0.000000 -1.00000000 0 1
4 272 1 400.00000000 1200.00000000 4000.00000000 0.000000 0.000000 -1.00000000 0 1
4 273 1 400.00000000 2000.00000000 4000.00000000 0.000000 0.000000 -1.00000000 0 1
4 274 1 400.00000000 2800.00000000 4000.00000000 0.000000 0.000000 -1.00000000 0 1
4 275 1 1200.00000000 -2800.00000000 4000.00000000 0.000000 0.000000 -1.00000000 0 1
4 276 1 1200.00000000 -2000.00000000 4000.00000000 0.000000 0.000000 -1.00000000 0 1
4 277 1 1200.00000000 -1200.00000000 4000.00000000 0.000000 0.000000 -1.00000000 0 1
4 278 1 1200.00000000 -400.00000000 4000.00000000 0.000000 0.000000 -1.00000000 0 1
4 279 1 1200.00000000 400.00000000 4000.00000000 0.000000 0.000000 -1.00000000 0 1
4 280 1 1200.00000000 1200.00000000 4000.00000000 0.000000 0.000000 -1.00000000 0 1
4 281 1 1200.00000000 2000.00000000 4000.00000000 0.000000 0.000000 -1.00000000 0 1
4 282 1 1200.00000000 2800.00000000 4000.00000000 0.000000 0.000000 -1.00000000 0 1
4 283 1 2000.00000000 -2000.00000000 4000.00000000 0.000000 0.000000 -1.00000000 0 1
4 284 1 2000.00000000 -1200.00000000 4000.00000000 0.000000 0.000000 -1.00000000 0 1
4 285 1 2000.00000000 -400.00000000 4000.00000000 0.000000 0.000000 -1.00000000 0 1
4 286 1 2000.00000000 400.00000000 4000.00000000 0.000000 0.000000 -1.00000000 0 1
4 287 1 2000.00000000 1200.00000000 4000.00000000 0.000000 0.000000 -1.00000000 0 1
4 288 1 2000.00000000 2000.00000000 4000.00000000 0.000000 0.000000 -1.00000000 0 1
4 289 1 2800.00000000 -1200.00000000 4000.00000000 0.000000 0.000000 -1.00000000 0 1
4 290 1 2800.00000000 -400.00000000 4000.00000000 0.000000 0.000000 -1.00000000 0 1
4 291 1 2800.00000000 400.00000000 4000.00000000 0.000000 0.000000 -1.00000000 0 1
4 292 1 2800.00000000 1200.00000000 4000.00000000 0.000000 0.000000 -1.00000000 0 1
4 293 4 3502.10000000 452.93300000 -3550.00000000 -0.965926 -0.258819 0.00000000 0 1
4 294 4 3259.38000000 1358.80000000 -3550.00000000 -0.965926 -0.258819 0.00000000 0 1
4 295 4 2806.44000000 2143.30000000 -3550.00000000 -0.707107 -0.707107 0.00000000 0 1
4 296 4 2143.30000000 2806.44000000 -3550.00000000 -0.707107 -0.707107 0.00000000 0 1
4 297 4 1358.80000000 3259.38000000 -3550.00000000 -0.258819 -0.965926 0.00000000 0 1
4 298 4 452.93300000 3502.10000000 -3550.00000000 -0.258819 -0.965926 0.00000000 0 1
4 299 4 -452.93300000 3502.10000000 -3550.00000000 0.258819 -0.965926 0.00000000 0 1
4 300 4 -1358.80000000 3259.38000000 -3550.00000000 0.258819 -0.965926 0.00000000 0 1
4 301 4 -2143.30000000 2806.44000000 -3550.00000000 0.707107 -0.707107 0.00000000 0 1
4 302 4 -2806.44000000 2143.30000000 -3550.00000000 0.707107 -0.707107 0.00000000 0 1
4 303 4 -3259.38000000 1358.80000000 -3550.00000000 0.965926 -0.258819 0.00000000 0 1
4 304 4 -3502.10000000 452.93300000 -3550.00000000 0.965926 -0.258819 0.00000000 0 1
4 305 4 -3502.10000000 -452.93300000 -3550.00000000 0.965926 0.258819 0.00000000 0 1
4 306 4 -3259.38000000 -1358.80000000 -3550.00000000 0.965926 0.258819 0.00000000 0 1
4 307 4 -2806.44000000 -2143.30000000 -3550.00000000 0.707107 0.707107 0.00000000 0 1
4 308 4 -2143.30000000 -2806.44000000 -3550.00000000 0.707107 0.707107 0.00000000 0 1
4 309 4 -1358.80000000 -3259.38000000 -3550.00000000 0.258819 0.965926 0.00000000 0 1
4 310 4 -452.93300000 -3502.10000000 -3550.00000000 0.258819 0.965926 0.00000000 0 1
4 311 4 452.93300000 -3502.10000000 -3550.00000000 -0.258819 0.965926 0.00000000 0 1
4 312 4 1358.80000000 -3259.38000000 -3550.00000000 -0.258819 0.965926 0.00000000 0 1
4 313 4 2143.30000000 -2806.44000000 -3550.00000000 -0.707107 0.707107 0.00000000 0 1
4 314 4 2806.44000000 -2143.30000000 -3550.00000000 -0.707107 0.707107 0.00000000 0 1
4 315 4 3259.38000000 -1358.80000000 -3550.00000000 -0.965926 0.258819 0.00000000 0 1
4 316 4 3502.10000000 -452.93300000 -3550.00000000 -0.965926 0.258819 0.00000000 0 1
4 317 3 -2800.00000000 -1200.00000000 -4000.00000000 0.000000 0.000000 1.00000000 0 1
4 318 3 -2800.00000000 -400.00000000 -4000.00000000 0.000000 0.000000 1.00000000 0 1
4 319 3 -2800.00000000 400.00000000 -4000.00000000 0.000000 0.000000 1.00000000 0 1
4 320 3 -2800.00000000 1200.00000000 -4000.00000000 0.000000 0.000000 1.00000000 0 1
4 321 3 -2000.00000000 -2000.00000000 -4000.00000000 0.000000 0.000000 1.00000000 0 1
4 322 3 -2000.00000000 -1200.00000000 -4000.00000000 0.000000 0.000000 1.00000000 0 1
4 323 3 -2000.00000000 -400.00000000 -4000.00000000 0.000000 0.000000 1.00000000 0 1
4 324 3 -2000.00000000 400.00000000 -4000.00000000 0.000000 0.000000 1.00000000 0 1
4 325 3 -2000.00000000 1200.00000000 -4000.00000000 0.000000 0.000000 1.00000000 0 1
4 326 3 -2000.00000000 2000.00000000 -4000.00000000 0.000000 0.000000 1.00000000 0 1
4 327 3 -1200.00000000 -2800.00000000 -4000.00000000 0.000000 0.000000 1.00000000 0 1
4 328 3 -1200.00000000 -2000.00000000 -4000.00000000 0.000000 0.000000 1.00000000 0 1
4 329 3 -1200.00000000 -1200.00000000 -4000.00000000 0.000000 0.000000 1.00000000 0 1
4 330 3 -1200.00000000 -400.00000000 -4000.00000000 0.000000 0.000000 1.00000000 0 1
4 331 3 -1200.00000000 400.00000000 -4000.00000000 0.000000 0.000000 1.00000000 0 1
4 332 3 -1200.00000000 1200.00000000 -4000.00000000 0.000000 0.000000 1.00000000 0 1
4 333 3 -1200.00000000 2000.00000000 -4000.00000000 0.000000 0.000000 1.00000000 0 1
4 334 3 -1200.00000000 2800.00000000 -4000.00000000 0.000000 0.000000 1.00000000 0 1
4 335 3 -400.00000000 -2800.00000000 -4000.00000000 0.000000 0.000000 1.00000000 0 1
4 336 3 -400.00000000 -2000.00000000 -4000.00000000 0.000000 0.000000 1.00000000 0 1
4 337 3 -400.00000000 -1200.00000000 -4000.00000000 0.000000 0.000000 1.00000000 0 1
4 338 3 -400.00000000 -400.00000000 -4000.00000000 0.000000 0.000000 1.00000000 0 1
4 339 3 -400.00000000 400.00000000 -4000.00000000 0.000000 0.000000 1.00000000 0 1
4 340 3 -400.00000000 1200.00000000 -4000.00000000 0.000000 0.000000 1.00000000 0 1
4 341 3 -400.00000000 2000.00000000 -4000.00000000 0.000000 0.000000 1.00000000 0 1
4 342 3 -400.00000000 2800.00000000 -4000.00000000 0.000000 0.000000 1.00000000 0 1
4 343 3 400.00000000 -2800.00000000 -4000.00000000 0.000000 0.000000 1.00000000 0 1
4 344 3 400.00000000 -2000.00000000 -4000.00000000 0.000000 0.000000 1.00000000 0 1
4 345 3 400.00000000 -1200.00000000 -4000.00000000 0.000000 0.000000 1.00000000 0 1
4 346 3 400.00000000 -400.00000000 -4000.00000000 0.000000 0.000000 1.00000000 0 1
4 347 3 400.00000000 400.00000000 -4000.00000000 0.000000 0.000000 1.00000000 0 1
4 348 3 400.00000000 1200.00000000 -4000.00000000 0.000000 0.000000 1.00000000 0 1
4 349 3 400.00000000 2000.00000000 -4000.00000000 0.000000 0.000000 1.00000000 0 1
4 350 3 400.00000000 2800.00000000 -4000.00000000 0.000000 0.000000 1.00000000 0 1
4 351 3 1200.00000000 -2800.00000000 -4000.00000000 0.000000 0.000000 1.00000000 0 1
4 352 3 1200.00000000 -2000.00000000 -4000.00000000 0.000000 0.000000 1.00000000 0 1
4 353 3 1200.00000000 -1200.00000000 -4000.00000000 0.000000 0.000000 1.00000000 0 1
4 354 3 1200.00000000 -400.00000000 -4000.00000000 0.000000 0.000000 1.00000000 0 1
4 355 3 1200.00000000 400.00000000 -4000.00000000 0.000000 0.000000 1.00000000 0 1
4 356 3 1200.00000000 1200.00000000 -4000.00000000 0.000000 0.000000 1.00000000 0 1
4 357 3 1200.00000000 2000.00000000 -4000.00000000 0.000000 0.000000 1.00000000 0 1
4 358 3 1200.00000000 2800.00000000 -4000.00000000 0.000000 0.000000 1.00000000 0 1
4 359 3 2000.00000000 -2000.00000000 -4000.00000000 0.000000 0.000000 1.00000000 0 1
4 360 3 2000.00000000 -1200.00000000 -4000.00000000 0.000000 0.000000 1.00000000 0 1
4 361 3 2000.00000000 -400.00000000 -4000.00000000 0.000000 0.000000 1.00000000 0 1
4 362 3 2000.00000000 400.00000000 -4000.00000000 0.000000 0.000000 1.00000000 0 1
4 363 3 2000.00000000 1200.00000000 -4000.00000000 0.000000 0.000000 1.00000000 0 1
4 364 3 2000.00000000 2000.00000000 -4000.00000000 0.000000 0.000000 1.00000000 0 1
4 365 3 2800.00000000 -1200.00000000 -4000.00000000 0.000000 0.000000 1.00000000 0 1
4 366 3 2800.00000000 -400.00000000 -4000.00000000 0.000000 0.000000 1.00000000 0 1
4 367 3 2800.00000000 400.00000000 -4000.00000000 0.000000 0.000000 1.00000000 0 1
4 368 3 2800.00000000 1200.00000000 -4000.00000000 0.000000 0.000000 1.00000000 0 1