# For a description of the format of this file, see $WCSIM_SOURCE_DIR/doc/PMTPositionTableFormat.md

#DATASTART
1 1 10 3594.20999962 963.06566683 -3550.00000000 0.96592583 0.25881905 0.00000000 0 1
1 2 10 2631.14433280 2631.14433280 -3550.00000000 0.70710678 0.70710678 0.00000000 0 1
1 3 10 963.06566683 3594.20999962 -3550.00000000 0.25881905 0.96592583 0.00000000 0 1
1 4 10 -963.06566683 3594.20999962 -3550.00000000 -0.25881905 0.96592583 0.00000000 0 1
1 5 10 -2631.14433280 2631.14433280 -3550.00000000 -0.70710678 0.70710678 0.00000000 0 1
1 6 10 -3594.20999962 963.06566683 -3550.00000000 -0.96592583 0.25881905 0.00000000 0 1
1 7 10 -3594.20999962 -963.06566683 -3550.00000000 -0.96592583 -0.25881905 0.00000000 0 1
1 8 10 -2631.14433280 -2631.14433280 -3550.00000000 -0.70710678 -0.70710678 0.00000000 0 1
1 9 10 -963.06566683 -3594.20999962 -3550.00000000 -0.25881905 -0.96592583 0.00000000 0 1
1 10 10 963.06566683 -3594.20999962 -3550.00000000 0.25881905 -0.96592583 0.00000000 0 1
1 11 10 2631.14433280 -2631.14433280 -3550.00000000 0.70710678 -0.70710678 0.00000000 0 1
1 12 10 3594.20999962 -963.06566683 -3550.00000000 0.96592583 -0.25881905 0.00000000 0 1
1 13 10 3744.32504578 402.82868758 -3195.00000000 0.96592583 0.25881905 0.00000000 0 1
1 14 10 3444.09495346 1523.30264607 -3195.00000000 0.96592583 0.25881905 0.00000000 0 1
1 15 10 3041.26626588 2221.02239971 -3195.00000000 0.70710678 0.70710678 0.00000000 0 1
1 16 10 2221.02239971 3041.26626588 -3195.00000000 0.70710678 0.70710678 0.00000000 0 1
1 17 10 1523.30264607 3444.09495346 -3195.00000000 0.25881905 0.96592583 0.00000000 0 1
1 18 10 402.82868758 3744.32504578 -3195.00000000 0.25881905 0.96592583 0.00000000 0 1
1 19 10 -402.82868758 3744.32504578 -3195.00000000 -0.25881905 0.96592583 0.00000000 0 1
1 20 10 -1523.30264607 3444.09495346 -3195.00000000 -0.25881905 0.96592583 0.00000000 0 1
1 21 10 -2221.02239971 3041.26626588 -3195.00000000 -0.70710678 0.70710678 0.00000000 0 1
1 22 10 -3041.26626588 2221.02239971 -3195.00000000 -0.70710678 0.70710678 0.00000000 0 1
1 23 10 -3444.09495346 1523.30264607 -3195.00000000 -0.96592583 0.25881905 0.00000000 0 1
1 24 10 -3744.32504578 402.82868758 -3195.00000000 -0.96592583 0.25881905 0.00000000 0 1
1 25 10 -3744.32504578 -402.82868758 -3195.00000000 -0.96592583 -0.25881905 0.00000000 0 1
1 26 10 -3444.09495346 -1523.30264607 -3195.00000000 -0.96592583 -0.25881905 0.00000000 0 1
1 27 10 -3041.26626588 -2221.02239971 -3195.00000000 -0.70710678 -0.70710678 0.00000000 0 1
1 28 10 -2221.02239971 -3041.26626588 -3195.00000000 -0.70710678 -0.70710678 0.00000000 0 1
1 29 10 -1523.30264607 -3444.09495346 -3195.00000000 -0.25881905 -0.96592583 0.00000000 0 1
1 30 10 -402.82868758 -3744.32504578 -3195.00000000 -0.25881905 -0.96592583 0.00000000 0 1
1 31 10 402.82868758 -3744.32504578 -3195.00000000 0.25881905 -0.96592583 0.00000000 0 1
1 32 10 1523.30264607 -3444.09495346 -3195.00000000 0.25881905 -0.96592583 0.00000000 0 1
1 33 10 2221.02239971 -3041.26626588 -3195.00000000 0.70710678 -0.70710678 0.00000000 0 1
1 34 10 3041.26626588 -2221.02239971 -3195.00000000 0.70710678 -0.70710678 0.00000000 0 1
1 35 10 3444.09495346 -1523.30264607 -3195.00000000 0.96592583 -0.25881905 0.00000000 0 1
1 36 10 3744.32504578 -402.82868758 -3195.00000000 0.96592583 -0.25881905 0.00000000 0 1
1 37 10 3594.20999962 963.06566683 -2840.00000000 0.96592583 0.25881905 0.00000000 0 1
1 38 10 2631.14433280 2631.14433280 -2840.00000000 0.70710678 0.70710678 0.00000000 0 1
1 39 10 963.06566683 3594.20999962 -2840.00000000 0.25881905 0.96592583 0.00000000 0 1
1 40 10 -963.06566683 3594.20999962 -2840.00000000 -0.25881905 0.96592583 0.00000000 0 1
1 41 10 -2631.14433280 2631.14433280 -2840.00000000 -0.70710678 0.70710678 0.00000000 0 1
1 42 10 -3594.20999962 963.06566683 -2840.00000000 -0.96592583 0.25881905 0.00000000 0 1
1 43 10 -3594.20999962 -963.06566683 -2840.00000000 -0.96592583 -0.25881905 0.00000000 0 1
1 44 10 -2631.14433280 -2631.14433280 -2840.00000000 -0.70710678 -0.70710678 0.00000000 0 1
1 45 10 -963.06566683 -3594.20999962 -2840.00000000 -0.25881905 -0.96592583 0.00000000 0 1
1 46 10 963.06566683 -3594.20999962 -2840.00000000 0.25881905 -0.96592583 0.00000000 0 1
1 47 10 2631.14433280 -2631.14433280 -2840.00000000 0.70710678 -0.70710678 0.00000000 0 1
1 48 10 3594.20999962 -963.06566683 -2840.00000000 0.96592583 -0.25881905 0.00000000 0 1
1 49 10 3594.20999962 963.06566683 -2130.00000000 0.96592583 0.25881905 0.00000000 0 1
1 50 10 2631.14433280 2631.14433280 -2130.00000000 0.70710678 0.70710678 0.00000000 0 1
1 51 10 963.06566683 3594.20999962 -2130.00000000 0.25881905 0.96592583 0.00000000 0 1
1 52 10 -963.06566683 3594.20999962 -2130.00000000 -0.25881905 0.96592583 0.00000000 0 1
1 53 10 -2631.14433280 2631.14433280 -2130.00000000 -0.70710678 0.70710678 0.00000000 0 1
1 54 10 -3594.20999962 963.06566683 -2130.00000000 -0.96592583 0.25881905 0.00000000 0 1
1 55 10 -3594.20999962 -963.06566683 -2130.00000000 -0.96592583 -0.25881905 0.00000000 0 1
1 56 10 -2631.14433280 -2631.14433280 -2130.00000000 -0.70710678 -0.70710678 0.00000000 0 1
1 57 10 -963.06566683 -3594.20999962 -2130.00000000 -0.25881905 -0.96592583 0.00000000 0 1
1 58 10 963.06566683 -3594.20999962 -2130.00000000 0.25881905 -0.96592583 0.00000000 0 1
1 59 10 2631.14433280 -2631.14433280 -2130.00000000 0.70710678 -0.70710678 0.00000000 0 1
1 60 10 3594.20999962 -963.06566683 -2130.00000000 0.96592583 -0.25881905 0.00000000 0 1
1 61 10 3744.32504578 402.82868758 -1775.00000000 0.96592583 0.25881905 0.00000000 0 1
1 62 10 3444.09495346 1523.30264607 -1775.00000000 0.96592583 0.25881905 0.00000000 0 1
1 63 10 3041.26626588 2221.02239971 -1775.00000000 0.70710678 0.70710678 0.00000000 0 1
1 64 10 2221.02239971 3041.26626588 -1775.00000000 0.70710678 0.70710678 0.00000000 0 1
1 65 10 1523.30264607 3444.09495346 -1775.00000000 0.25881905 0.96592583 0.00000000 0 1
1 66 10 402.82868758 3744.32504578 -1775.00000000 0.25881905 0.96592583 0.00000000 0 1
1 67 10 -402.82868758 3744.32504578 -1775.00000000 -0.25881905 0.96592583 0.00000000 0 1
1 68 10 -1523.30264607 3444.09495346 -1775.00000000 -0.25881905 0.96592583 0.00000000 0 1
1 69 10 -2221.02239971 3041.26626588 -1775.00000000 -0.70710678 0.70710678 0.00000000 0 1
1 70 10 -3041.26626588 2221.02239971 -1775.00000000 -0.70710678 0.70710678 0.00000000 0 1
1 71 10 -3444.09495346 1523.30264607 -1775.00000000 -0.96592583 0.25881905 0.00000000 0 1
1 72 10 -3744.32504578 402.82868758 -1775.00000000 -0.96592583 0.25881905 0.00000000 0 1
1 73 10 -3744.32504578 -402.82868758 -1775.00000000 -0.96592583 -0.25881905 0.00000000 0 1
1 74 10 -3444.09495346 -1523.30264607 -1775.00000000 -0.96592583 -0.25881905 0.00000000 0 1
1 75 10 -3041.26626588 -2221.02239971 -1775.00000000 -0.70710678 -0.70710678 0.00000000 0 1
1 76 10 -2221.02239971 -3041.26626588 -1775.00000000 -0.70710678 -0.70710678 0.00000000 0 1
1 77 10 -1523.30264607 -3444.09495346 -1775.00000000 -0.25881905 -0.96592583 0.00000000 0 1
1 78 10 -402.82868758 -3744.32504578 -1775.00000000 -0.25881905 -0.96592583 0.00000000 0 1
1 79 10 402.82868758 -3744.32504578 -1775.00000000 0.25881905 -0.96592583 0.00000000 0 1
1 80 10 1523.30264607 -3444.09495346 -1775.00000000 0.25881905 -0.96592583 0.00000000 0 1
1 81 10 2221.02239971 -3041.26626588 -1775.00000000 0.70710678 -0.70710678 0.00000000 0 1
1 82 10 3041.26626588 -2221.02239971 -1775.00000000 0.70710678 -0.70710678 0.00000000 0 1
1 83 10 3444.09495346 -1523.30264607 -1775.00000000 0.96592583 -0.25881905 0.00000000 0 1
1 84 10 3744.32504578 -402.82868758 -1775.00000000 0.96592583 -0.25881905 0.00000000 0 1
1 85 10 3744.32504578 402.82868758 -1065.00000000 0.96592583 0.25881905 0.00000000 0 1
1 86 10 3444.09495346 1523.30264607 -1065.00000000 0.96592583 0.25881905 0.00000000 0 1
1 87 10 3041.26626588 2221.02239971 -1065.00000000 0.70710678 0.70710678 0.00000000 0 1
1 88 10 2221.02239971 3041.26626588 -1065.00000000 0.70710678 0.70710678 0.00000000 0 1
1 89 10 1523.30264607 3444.09495346 -1065.00000000 0.25881905 0.96592583 0.00000000 0 1
1 90 10 402.82868758 3744.32504578 -1065.00000000 0.25881905 0.96592583 0.00000000 0 1
1 91 10 -402.82868758 3744.32504578 -1065.00000000 -0.25881905 0.96592583 0.00000000 0 1
1 92 10 -1523.30264607 3444.09495346 -1065.00000000 -0.25881905 0.96592583 0.00000000 0 1
1 93 10 -2221.02239971 3041.26626588 -1065.00000000 -0.70710678 0.70710678 0.00000000 0 1
1 94 10 -3041.26626588 2221.02239971 -1065.00000000 -0.70710678 0.70710678 0.00000000 0 1
1 95 10 -3444.09495346 1523.30264607 -1065.00000000 -0.96592583 0.25881905 0.00000000 0 1
1 96 10 -3744.32504578 402.82868758 -1065.00000000 -0.96592583 0.25881905 0.00000000 0 1
1 97 10 -3744.32504578 -402.82868758 -1065.00000000 -0.96592583 -0.25881905 0.00000000 0 1
1 98 10 -3444.09495346 -1523.30264607 -1065.00000000 -0.96592583 -0.25881905 0.00000000 0 1
1 99 10 -3041.26626588 -2221.02239971 -1065.00000000 -0.70710678 -0.70710678 0.00000000 0 1
1 100 10 -2221.02239971 -3041.26626588 -1065.00000000 -0.70710678 -0.70710678 0.00000000 0 1
1 101 10 -1523.30264607 -3444.09495346 -1065.00000000 -0.25881905 -0.96592583 0.00000000 0 1
1 102 10 -402.82868758 -3744.32504578 -1065.00000000 -0.25881905 -0.96592583 0.00000000 0 1
1 103 10 402.82868758 -3744.32504578 -1065.00000000 0.25881905 -0.96592583 0.00000000 0 1
1 104 10 1523.30264607 -3444.09495346 -1065.00000000 0.25881905 -0.96592583 0.00000000 0 1
1 105 10 2221.02239971 -3041.26626588 -1065.00000000 0.70710678 -0.70710678 0.00000000 0 1
1 106 10 3041.26626588 -2221.02239971 -1065.00000000 0.70710678 -0.70710678 0.00000000 0 1
1 107 10 3444.09495346 -1523.30264607 -1065.00000000 0.96592583 -0.25881905 0.00000000 0 1
1 108 10 3744.32504578 -402.82868758 -1065.00000000 0.96592583 -0.25881905 0.00000000 0 1
1 109 10 3594.20999962 963.06566683 -710.00000000 0.96592583 0.25881905 0.00000000 0 1
1 110 10 2631.14433280 2631.14433280 -710.00000000 0.70710678 0.70710678 0.00000000 0 1
1 111 10 963.06566683 3594.20999962 -710.00000000 0.25881905 0.96592583 0.00000000 0 1
1 112 10 -963.06566683 3594.20999962 -710.00000000 -0.25881905 0.96592583 0.00000000 0 1
1 113 10 -2631.14433280 2631.14433280 -710.00000000 -0.70710678 0.70710678 0.00000000 0 1
1 114 10 -3594.20999962 963.06566683 -710.00000000 -0.96592583 0.25881905 0.00000000 0 1
1 115 10 -3594.20999962 -963.06566683 -710.00000000 -0.96592583 -0.25881905 0.00000000 0 1
1 116 10 -2631.14433280 -2631.14433280 -710.00000000 -0.70710678 -0.70710678 0.00000000 0 1
1 117 10 -963.06566683 -3594.20999962 -710.00000000 -0.25881905 -0.96592583 0.00000000 0 1
1 118 10 963.06566683 -3594.20999962 -710.00000000 0.25881905 -0.96592583 0.00000000 0 1
1 119 10 2631.14433280 -2631.14433280 -710.00000000 0.70710678 -0.70710678 0.00000000 0 1
1 120 10 3594.20999962 -963.06566683 -710.00000000 0.96592583 -0.25881905 0.00000000 0 1
1 121 10 3594.20999962 963.06566683 0.00000000 0.96592583 0.25881905 0.00000000 0 1
1 122 10 2631.14433280 2631.14433280 0.00000000 0.70710678 0.70710678 0.00000000 0 1
1 123 10 963.06566683 3594.20999962 0.00000000 0.25881905 0.96592583 0.00000000 0 1
1 124 10 -963.06566683 3594.20999962 0.00000000 -0.25881905 0.96592583 0.00000000 0 1
1 125 10 -2631.14433280 2631.14433280 0.00000000 -0.70710678 0.70710678 0.00000000 0 1
1 126 10 -3594.20999962 963.06566683 0.00000000 -0.96592583 0.25881905 0.00000000 0 1
1 127 10 -3594.20999962 -963.06566683 0.00000000 -0.96592583 -0.25881905 0.00000000 0 1
1 128 10 -2631.14433280 -2631.14433280 0.00000000 -0.70710678 -0.70710678 0.00000000 0 1
1 129 10 -963.06566683 -3594.20999962 0.00000000 -0.25881905 -0.96592583 0.00000000 0 1
1 130 10 963.06566683 -3594.20999962 0.00000000 0.25881905 -0.96592583 0.00000000 0 1
1 131 10 2631.14433280 -2631.14433280 0.00000000 0.70710678 -0.70710678 0.00000000 0 1
1 132 10 3594.20999962 -963.06566683 0.00000000 0.96592583 -0.25881905 0.00000000 0 1
1 133 10 3744.32504578 402.82868758 355.00000000 0.96592583 0.25881905 0.00000000 0 1
1 134 10 3444.09495346 1523.30264607 355.00000000 0.96592583 0.25881905 0.00000000 0 1
1 135 10 3041.26626588 2221.02239971 355.00000000 0.70710678 0.70710678 0.00000000 0 1
1 136 10 2221.02239971 3041.26626588 355.00000000 0.70710678 0.70710678 0.00000000 0 1
1 137 10 1523.30264607 3444.09495346 355.00000000 0.25881905 0.96592583 0.00000000 0 1
1 138 10 402.82868758 3744.32504578 355.00000000 0.25881905 0.96592583 0.00000000 0 1
1 139 10 -402.82868758 3744.32504578 355.00000000 -0.25881905 0.96592583 0.00000000 0 1
1 140 10 -1523.30264607 3444.09495346 355.00000000 -0.25881905 0.96592583 0.00000000 0 1
1 141 10 -2221.02239971 3041.26626588 355.00000000 -0.70710678 0.70710678 0.00000000 0 1
1 142 10 -3041.26626588 2221.02239971 355.00000000 -0.70710678 0.70710678 0.00000000 0 1
1 143 10 -3444.09495346 1523.30264607 355.00000000 -0.96592583 0.25881905 0.00000000 0 1
1 144 10 -3744.32504578 402.82868758 355.00000000 -0.96592583 0.25881905 0.00000000 0 1
1 145 10 -3744.32504578 -402.82868758 355.00000000 -0.96592583 -0.25881905 0.00000000 0 1
1 146 10 -3444.09495346 -1523.30264607 355.00000000 -0.96592583 -0.25881905 0.00000000 0 1
1 147 10 -3041.26626588 -2221.02239971 355.00000000 -0.70710678 -0.70710678 0.00000000 0 1
1 148 10 -2221.02239971 -3041.26626588 355.00000000 -0.70710678 -0.70710678 0.00000000 0 1
1 149 10 -1523.30264607 -3444.09495346 355.00000000 -0.25881905 -0.96592583 0.00000000 0 1
1 150 10 -402.82868758 -3744.32504578 355.00000000 -0.25881905 -0.96592583 0.00000000 0 1
1 151 10 402.82868758 -3744.32504578 355.00000000 0.25881905 -0.96592583 0.00000000 0 1
1 152 10 1523.30264607 -3444.09495346 355.00000000 0.25881905 -0.96592583 0.00000000 0 1
1 153 10 2221.02239971 -3041.26626588 355.00000000 0.70710678 -0.70710678 0.00000000 0 1
1 154 10 3041.26626588 -2221.02239971 355.00000000 0.70710678 -0.70710678 0.00000000 0 1
1 155 10 3444.09495346 -1523.30264607 355.00000000 0.96592583 -0.25881905 0.00000000 0 1
1 156 10 3744.32504578 -402.82868758 355.00000000 0.96592583 -0.25881905 0.00000000 0 1
1 157 10 3744.32504578 402.82868758 1065.00000000 0.96592583 0.25881905 0.00000000 0 1
1 158 10 3444.09495346 1523.30264607 1065.00000000 0.96592583 0.25881905 0.00000000 0 1
1 159 10 3041.26626588 2221.02239971 1065.00000000 0.70710678 0.70710678 0.00000000 0 1
1 160 10 2221.02239971 3041.26626588 1065.00000000 0.70710678 0.70710678 0.00000000 0 1
1 161 10 1523.30264607 3444.09495346 1065.00000000 0.25881905 0.96592583 0.00000000 0 1
1 162 10 402.82868758 3744.32504578 1065.00000000 0.25881905 0.96592583 0.00000000 0 1
1 163 10 -402.82868758 3744.32504578 1065.00000000 -0.25881905 0.96592583 0.00000000 0 1
1 164 10 -1523.30264607 3444.09495346 1065.00000000 -0.25881905 0.96592583 0.00000000 0 1
1 165 10 -2221.02239971 3041.26626588 1065.00000000 -0.70710678 0.70710678 0.00000000 0 1
1 166 10 -3041.26626588 2221.02239971 1065.00000000 -0.70710678 0.70710678 0.00000000 0 1
1 167 10 -3444.09495346 1523.30264607 1065.00000000 -0.96592583 0.25881905 0.00000000 0 1
1 168 10 -3744.32504578 402.82868758 1065.00000000 -0.96592583 0.25881905 0.00000000 0 1
1 169 10 -3744.32504578 -402.82868758 1065.00000000 -0.96592583 -0.25881905 0.00000000 0 1
1 170 10 -3444.09495346 -1523.30264607 1065.00000000 -0.96592583 -0.25881905 0.00000000 0 1
1 171 10 -3041.26626588 -2221.02239971 1065.00000000 -0.70710678 -0.70710678 0.00000000 0 1
1 172 10 -2221.02239971 -3041.26626588 1065.00000000 -0.70710678 -0.70710678 0.00000000 0 1
1 173 10 -1523.30264607 -3444.09495346 1065.00000000 -0.25881905 -0.96592583 0.00000000 0 1
1 174 10 -402.82868758 -3744.32504578 1065.00000000 -0.25881905 -0.96592583 0.00000000 0 1
1 175 10 402.82868758 -3744.32504578 1065.00000000 0.25881905 -0.96592583 0.00000000 0 1
1 176 10 1523.30264607 -3444.09495346 1065.00000000 0.25881905 -0.96592583 0.00000000 0 1
1 177 10 2221.02239971 -3041.26626588 1065.00000000 0.70710678 -0.70710678 0.00000000 0 1
1 178 10 3041.26626588 -2221.02239971 1065.00000000 0.70710678 -0.70710678 0.00000000 0 1
1 179 10 3444.09495346 -1523.30264607 1065.00000000 0.96592583 -0.25881905 0.00000000 0 1
1 180 10 3744.32504578 -402.82868758 1065.00000000 0.96592583 -0.25881905 0.00000000 0 1
1 181 10 3594.20999962 963.06566683 1420.00000000 0.96592583 0.25881905 0.00000000 0 1
1 182 10 2631.14433280 2631.14433280 1420.00000000 0.70710678 0.70710678 0.00000000 0 1
1 183 10 963.06566683 3594.20999962 1420.00000000 0.25881905 0.96592583 0.00000000 0 1
1 184 10 -963.06566683 3594.20999962 1420.00000000 -0.25881905 0.96592583 0.00000000 0 1
1 185 10 -2631.14433280 2631.14433280 1420.00000000 -0.70710678 0.70710678 0.00000000 0 1
1 186 10 -3594.20999962 963.06566683 1420.00000000 -0.96592583 0.25881905 0.00000000 0 1
1 187 10 -3594.20999962 -963.06566683 1420.00000000 -0.96592583 -0.25881905 0.00000000 0 1
1 188 10 -2631.14433280 -2631.14433280 1420.00000000 -0.70710678 -0.70710678 0.00000000 0 1
1 189 10 -963.06566683 -3594.20999962 1420.00000000 -0.25881905 -0.96592583 0.00000000 0 1
1 190 10 963.06566683 -3594.20999962 1420.00000000 0.25881905 -0.96592583 0.00000000 0 1
1 191 10 2631.14433280 -2631.14433280 1420.00000000 0.70710678 -0.70710678 0.00000000 0 1
1 192 10 3594.20999962 -963.06566683 1420.00000000 0.96592583 -0.25881905 0.00000000 0 1
1 193 10 3594.20999962 963.06566683 2130.00000000 0.96592583 0.25881905 0.00000000 0 1
1 194 10 2631.14433280 2631.14433280 2130.00000000 0.70710678 0.70710678 0.00000000 0 1
1 195 10 963.06566683 3594.20999962 2130.00000000 0.25881905 0.96592583 0.00000000 0 1
1 196 10 -963.06566683 3594.20999962 2130.00000000 -0.25881905 0.96592583 0.00000000 0 1
1 197 10 -2631.14433280 2631.14433280 2130.00000000 -0.70710678 0.70710678 0.00000000 0 1
1 198 10 -3594.20999962 963.06566683 2130.00000000 -0.96592583 0.25881905 0.00000000 0 1
1 199 10 -3594.20999962 -963.06566683 2130.00000000 -0.96592583 -0.25881905 0.00000000 0 1
1 200 10 -2631.14433280 -2631.14433280 2130.00000000 -0.70710678 -0.70710678 0.00000000 0 1
1 201 10 -963.06566683 -3594.20999962 2130.00000000 -0.25881905 -0.96592583 0.00000000 0 1
1 202 10 963.06566683 -3594.20999962 2130.00000000 0.25881905 -0.96592583 0.00000000 0 1
1 203 10 2631.14433280 -2631.14433280 2130.00000000 0.70710678 -0.70710678 0.00000000 0 1
1 204 10 3594.20999962 -963.06566683 2130.00000000 0.96592583 -0.25881905 0.00000000 0 1
1 205 10 3744.32504578 402.82868758 2485.00000000 0.96592583 0.25881905 0.00000000 0 1
1 206 10 3444.09495346 1523.30264607 2485.00000000 0.96592583 0.25881905 0.00000000 0 1
1 207 10 3041.26626588 2221.02239971 2485.00000000 0.70710678 0.70710678 0.00000000 0 1
1 208 10 2221.02239971 3041.26626588 2485.00000000 0.70710678 0.70710678 0.00000000 0 1
1 209 10 1523.30264607 3444.09495346 2485.00000000 0.25881905 0.96592583 0.00000000 0 1
1 210 10 402.82868758 3744.32504578 2485.00000000 0.25881905 0.96592583 0.00000000 0 1
1 211 10 -402.82868758 3744.32504578 2485.00000000 -0.25881905 0.96592583 0.00000000 0 1
1 212 10 -1523.30264607 3444.09495346 2485.00000000 -0.25881905 0.96592583 0.00000000 0 1
1 213 10 -2221.02239971 3041.26626588 2485.00000000 -0.70710678 0.70710678 0.00000000 0 1
1 214 10 -3041.26626588 2221.02239971 2485.00000000 -0.70710678 0.70710678 0.00000000 0 1
1 215 10 -3444.09495346 1523.30264607 2485.00000000 -0.96592583 0.25881905 0.00000000 0 1
1 216 10 -3744.32504578 402.82868758 2485.00000000 -0.96592583 0.25881905 0.00000000 0 1
1 217 10 -3744.32504578 -402.82868758 2485.00000000 -0.96592583 -0.25881905 0.00000000 0 1
1 218 10 -3444.09495346 -1523.30264607 2485.00000000 -0.96592583 -0.25881905 0.00000000 0 1
1 219 10 -3041.26626588 -2221.02239971 2485.00000000 -0.70710678 -0.70710678 0.00000000 0 1
1 220 10 -2221.02239971 -3041.26626588 2485.00000000 -0.70710678 -0.70710678 0.00000000 0 1
1 221 10 -1523.30264607 -3444.09495346 2485.00000000 -0.25881905 -0.96592583 0.00000000 0 1
1 222 10 -402.82868758 -3744.32504578 2485.00000000 -0.25881905 -0.96592583 0.00000000 0 1
1 223 10 402.82868758 -3744.32504578 2485.00000000 0.25881905 -0.96592583 0.00000000 0 1
1 224 10 1523.30264607 -3444.09495346 2485.00000000 0.25881905 -0.96592583 0.00000000 0 1
1 225 10 2221.02239971 -3041.26626588 2485.00000000 0.70710678 -0.70710678 0.00000000 0 1
1 226 10 3041.26626588 -2221.02239971 2485.00000000 0.70710678 -0.70710678 0.00000000 0 1
1 227 10 3444.09495346 -1523.30264607 2485.00000000 0.96592583 -0.25881905 0.00000000 0 1
1 228 10 3744.32504578 -402.82868758 2485.00000000 0.96592583 -0.25881905 0.00000000 0 1
1 229 10 3744.32504578 402.82868758 3195.00000000 0.96592583 0.25881905 0.00000000 0 1
1 230 10 3444.09495346 1523.30264607 3195.00000000 0.96592583 0.25881905 0.00000000 0 1
1 231 10 3041.26626588 2221.02239971 3195.00000000 0.70710678 0.70710678 0.00000000 0 1
1 232 10 2221.02239971 3041.26626588 3195.00000000 0.70710678 0.70710678 0.00000000 0 1
1 233 10 1523.30264607 3444.09495346 3195.00000000 0.25881905 0.96592583 0.00000000 0 1
1 234 10 402.82868758 3744.32504578 3195.00000000 0.25881905 0.96592583 0.00000000 0 1
1 235 10 -402.82868758 3744.32504578 3195.00000000 -0.25881905 0.96592583 0.00000000 0 1
1 236 10 -1523.30264607 3444.09495346 3195.00000000 -0.25881905 0.96592583 0.00000000 0 1
1 237 10 -2221.02239971 3041.26626588 3195.00000000 -0.70710678 0.70710678 0.00000000 0 1
1 238 10 -3041.26626588 2221.02239971 3195.00000000 -0.70710678 0.70710678 0.00000000 0 1
1 239 10 -3444.09495346 1523.30264607 3195.00000000 -0.96592583 0.25881905 0.00000000 0 1
1 240 10 -3744.32504578 402.82868758 3195.00000000 -0.96592583 0.25881905 0.00000000 0 1
1 241 10 -3744.32504578 -402.82868758 3195.00000000 -0.96592583 -0.25881905 0.00000000 0 1
1 242 10 -3444.09495346 -1523.30264607 3195.00000000 -0.96592583 -0.25881905 0.00000000 0 1
1 243 10 -3041.26626588 -2221.02239971 3195.00000000 -0.70710678 -0.70710678 0.00000000 0 1
1 244 10 -2221.02239971 -3041.26626588 3195.00000000 -0.70710678 -0.70710678 0.00000000 0 1
1 245 10 -1523.30264607 -3444.09495346 3195.00000000 -0.25881905 -0.96592583 0.00000000 0 1
1 246 10 -402.82868758 -3744.32504578 3195.00000000 -0.25881905 -0.96592583 0.00000000 0 1
1 247 10 402.82868758 -3744.32504578 3195.00000000 0.25881905 -0.96592583 0.00000000 0 1
1 248 10 1523.30264607 -3444.09495346 3195.00000000 0.25881905 -0.96592583 0.00000000 0 1
1 249 10 2221.02239971 -3041.26626588 3195.00000000 0.70710678 -0.70710678 0.00000000 0 1
1 250 10 3041.26626588 -2221.02239971 3195.00000000 0.70710678 -0.70710678 0.00000000 0 1
1 251 10 3444.09495346 -1523.30264607 3195.00000000 0.96592583 -0.25881905 0.00000000 0 1
1 252 10 3744.32504578 -402.82868758 3195.00000000 0.96592583 -0.25881905 0.00000000 0 1
1 253 10 3594.20999962 963.06566683 3550.00000000 0.96592583 0.25881905 0.00000000 0 1
1 254 10 2631.14433280 2631.14433280 3550.00000000 0.70710678 0.70710678 0.00000000 0 1
1 255 10 963.06566683 3594.20999962 3550.00000000 0.25881905 0.96592583 0.00000000 0 1
1 256 10 -963.06566683 3594.20999962 3550.00000000 -0.25881905 0.96592583 0.00000000 0 1
1 257 10 -2631.14433280 2631.14433280 3550.00000000 -0.70710678 0.70710678 0.00000000 0 1
1 258 10 -3594.20999962 963.06566683 3550.00000000 -0.96592583 0.25881905 0.00000000 0 1
1 259 10 -3594.20999962 -963.06566683 3550.00000000 -0.96592583 -0.25881905 0.00000000 0 1
1 260 10 -2631.14433280 -2631.14433280 3550.00000000 -0.70710678 -0.70710678 0.00000000 0 1
1 261 10 -963.06566683 -3594.20999962 3550.00000000 -0.25881905 -0.96592583 0.00000000 0 1
1 262 10 963.06566683 -3594.20999962 3550.00000000 0.25881905 -0.96592583 0.00000000 0 1
1 263 10 2631.14433280 -2631.14433280 3550.00000000 0.70710678 -0.70710678 0.00000000 0 1
1 264 10 3594.20999962 -963.06566683 3550.00000000 0.96592583 -0.25881905 0.00000000 0 1
1 265 11 -3200.00000000 -1200.00000000 4171.00000000 0.00000000 0.00000000 -1.00000000 0 0
1 266 11 -3200.00000000 -400.00000000 4171.00000000 0.00000000 0.00000000 -1.00000000 0 0
1 267 11 -3200.00000000 400.00000000 4171.00000000 0.00000000 0.00000000 -1.00000000 0 0
1 268 11 -3200.00000000 1200.00000000 4171.00000000 0.00000000 0.00000000 -1.00000000 0 0
1 269 11 -2800.00000000 -1600.00000000 4171.00000000 0.00000000 0.00000000 -1.00000000 0 1
1 270 11 -2800.00000000 -800.00000000 4171.00000000 0.00000000 0.00000000 -1.00000000 0 1
1 271 11 -2800.00000000 0.00000000 4171.00000000 0.00000000 0.00000000 -1.00000000 0 0
1 272 11 -2800.00000000 800.00000000 4171.00000000 0.00000000 0.00000000 -1.00000000 0 1
1 273 11 -2800.00000000 1600.00000000 4171.00000000 0.00000000 0.00000000 -1.00000000 0 1
1 274 11 -2400.00000000 -2000.00000000 4171.00000000 0.00000000 0.00000000 -1.00000000 0 1
1 275 11 -2400.00000000 -1200.00000000 4171.00000000 0.00000000 0.00000000 -1.00000000 0 1
1 276 11 -2400.00000000 -400.00000000 4171.00000000 0.00000000 0.00000000 -1.00000000 0 1
1 277 11 -2400.00000000 400.00000000 4171.00000000 0.00000000 0.00000000 -1.00000000 0 1
1 278 11 -2400.00000000 1200.00000000 4171.00000000 0.00000000 0.00000000 -1.00000000 0 1
1 279 11 -2400.00000000 2000.00000000 4171.00000000 0.00000000 0.00000000 -1.00000000 0 1
1 280 11 -2000.00000000 -2400.00000000 4171.00000000 0.00000000 0.00000000 -1.00000000 0 0
1 281 11 -2000.00000000 -1600.00000000 4171.00000000 0.00000000 0.00000000 -1.00000000 0 0
1 282 11 -2000.00000000 -800.00000000 4171.00000000 0.00000000 0.00000000 -1.00000000 0 0
1 283 11 -2000.00000000 0.00000000 4171.00000000 0.00000000 0.00000000 -1.00000000 0 0
1 284 11 -2000.00000000 800.00000000 4171.00000000 0.00000000 0.00000000 -1.00000000 0 0
1 285 11 -2000.00000000 1600.00000000 4171.00000000 0.00000000 0.00000000 -1.00000000 0 0
1 286 11 -2000.00000000 2400.00000000 4171.00000000 0.00000000 0.00000000 -1.00000000 0 0
1 287 11 -1600.00000000 -2800.00000000 4171.00000000 0.00000000 0.00000000 -1.00000000 0 1
1 288 11 -1600.00000000 -2000.00000000 4171.00000000 0.00000000 0.00000000 -1.00000000 0 1
1 289 11 -1600.00000000 -1200.00000000 4171.00000000 0.00000000 0.00000000 -1.00000000 0 1
1 290 11 -1600.00000000 -400.00000000 4171.00000000 0.00000000 0.00000000 -1.00000000 0 1
1 291 11 -1600.00000000 400.00000000 4171.00000000 0.00000000 0.00000000 -1.00000000 0 1
1 292 11 -1600.00000000 1200.00000000 4171.00000000 0.00000000 0.00000000 -1.00000000 0 1
1 293 11 -1600.00000000 2000.00000000 4171.00000000 0.00000000 0.00000000 -1.00000000 0 1
1 294 11 -1600.00000000 2800.00000000 4171.00000000 0.00000000 0.00000000 -1.00000000 0 1
1 295 11 -1200.00000000 -3200.00000000 4171.00000000 0.00000000 0.00000000 -1.00000000 0 0
1 296 11 -1200.00000000 -2400.00000000 4171.00000000 0.00000000 0.00000000 -1.00000000 0 0
1 297 11 -1200.00000000 -1600.00000000 4171.00000000 0.00000000 0.00000000 -1.00000000 0 0
1 298 11 -1200.00000000 -800.00000000 4171.00000000 0.00000000 0.00000000 -1.00000000 0 0
1 299 11 -1200.00000000 0.00000000 4171.00000000 0.00000000 0.00000000 -1.00000000 0 0
1 300 11 -1200.00000000 800.00000000 4171.00000000 0.00000000 0.00000000 -1.00000000 0 0
1 301 11 -1200.00000000 1600.00000000 4171.00000000 0.00000000 0.00000000 -1.00000000 0 0
1 302 11 -1200.00000000 2400.00000000 4171.00000000 0.00000000 0.00000000 -1.00000000 0 0
1 303 11 -1200.00000000 3200.00000000 4171.00000000 0.00000000 0.00000000 -1.00000000 0 0
1 304 11 -800.00000000 -2800.00000000 4171.00000000 0.00000000 0.00000000 -1.00000000 0 1
1 305 11 -800.00000000 -2000.00000000 4171.00000000 0.00000000 0.00000000 -1.00000000 0 1
1 306 11 -800.00000000 -1200.00000000 4171.00000000 0.00000000 0.00000000 -1.00000000 0 1
1 307 11 -800.00000000 -400.00000000 4171.00000000 0.00000000 0.00000000 -1.00000000 0 1
1 308 11 -800.00000000 400.00000000 4171.00000000 0.00000000 0.00000000 -1.00000000 0 1
1 309 11 -800.00000000 1200.00000000 4171.00000000 0.00000000 0.00000000 -1.00000000 0 1
1 310 11 -800.00000000 2000.00000000 4171.00000000 0.00000000 0.00000000 -1.00000000 0 1
1 311 11 -800.00000000 2800.00000000 4171.00000000 0.00000000 0.00000000 -1.00000000 0 1
1 312 11 -400.00000000 -3200.00000000 4171.00000000 0.00000000 0.00000000 -1.00000000 0 0
1 313 11 -400.00000000 -2400.00000000 4171.00000000 0.00000000 0.00000000 -1.00000000 0 0
1 314 11 -400.00000000 -1600.00000000 4171.00000000 0.00000000 0.00000000 -1.00000000 0 0
1 315 11 -400.00000000 -800.00000000 4171.00000000 0.00000000 0.00000000 -1.00000000 0 0
1 316 11 -400.00000000 0.00000000 4171.00000000 0.00000000 0.00000000 -1.00000000 0 0
1 317 11 -400.00000000 800.00000000 4171.00000000 0.00000000 0.00000000 -1.00000000 0 0
1 318 11 -400.00000000 1600.00000000 4171.00000000 0.00000000 0.00000000 -1.00000000 0 0
1 319 11 -400.00000000 2400.00000000 4171.00000000 0.00000000 0.00000000 -1.00000000 0 0
1 320 11 -400.00000000 3200.00000000 4171.00000000 0.00000000 0.00000000 -1.00000000 0 0
1 321 11 0.00000000 -2800.00000000 4171.00000000 0.00000000 0.00000000 -1.00000000 0 0
1 322 11 0.00000000 -2000.00000000 4171.00000000 0.00000000 0.00000000 -1.00000000 0 0
1 323 11 0.00000000 -1200.00000000 4171.00000000 0.00000000 0.00000000 -1.00000000 0 0
1 324 11 0.00000000 -400.00000000 4171.00000000 0.00000000 0.00000000 -1.00000000 0 0
1 325 11 0.00000000 400.00000000 4171.00000000 0.00000000 0.00000000 -1.00000000 0 0
1 326 11 0.00000000 1200.00000000 4171.00000000 0.00000000 0.00000000 -1.00000000 0 0
1 327 11 0.00000000 2000.00000000 4171.00000000 0.00000000 0.00000000 -1.00000000 0 0
1 328 11 0.00000000 2800.00000000 4171.00000000 0.00000000 0.00000000 -1.00000000 0 0
1 329 11 400.00000000 -3200.00000000 4171.00000000 0.00000000 0.00000000 -1.00000000 0 0
1 330 11 400.00000000 -2400.00000000 4171.00000000 0.00000000 0.00000000 -1.00000000 0 0
1 331 11 400.00000000 -1600.00000000 4171.00000000 0.00000000 0.00000000 -1.00000000 0 0
1 332 11 400.00000000 -800.00000000 4171.00000000 0.00000000 0.00000000 -1.00000000 0 0
1 333 11 400.00000000 0.00000000 4171.00000000 0.00000000 0.00000000 -1.00000000 0 0
1 334 11 400.00000000 800.00000000 4171.00000000 0.00000000 0.00000000 -1.00000000 0 0
1 335 11 400.00000000 1600.00000000 4171.00000000 0.00000000 0.00000000 -1.00000000 0 0
1 336 11 400.00000000 2400.00000000 4171.00000000 0.00000000 0.00000000 -1.00000000 0 0
1 337 11 400.00000000 3200.00000000 4171.00000000 0.00000000 0.00000000 -1.00000000 0 0
1 338 11 800.00000000 -2800.00000000 4171.00000000 0.00000000 0.00000000 -1.00000000 0 1
1 339 11 800.00000000 -2000.00000000 4171.00000000 0.00000000 0.00000000 -1.00000000 0 1
1 340 11 800.00000000 -1200.00000000 4171.00000000 0.00000000 0.00000000 -1.00000000 0 1
1 341 11 800.00000000 -400.00000000 4171.00000000 0.00000000 0.00000000 -1.00000000 0 1
1 342 11 800.00000000 400.00000000 4171.00000000 0.00000000 0.00000000 -1.00000000 0 1
1 343 11 800.00000000 1200.00000000 4171.00000000 0.00000000 0.00000000 -1.00000000 0 1
1 344 11 800.00000000 2000.00000000 4171.00000000 0.00000000 0.00000000 -1.00000000 0 1
1 345 11 800.00000000 2800.00000000 4171.00000000 0.00000000 0.00000000 -1.00000000 0 1
1 346 11 1200.00000000 -3200.00000000 4171.00000000 0.00000000 0.00000000 -1.00000000 0 0
1 347 11 1200.00000000 -2400.00000000 4171.00000000 0.00000000 0.00000000 -1.00000000 0 0
1 348 11 1200.00000000 -1600.00000000 4171.00000000 0.00000000 0.00000000 -1.00000000 0 0
1 349 11 1200.00000000 -800.00000000 4171.00000000 0.00000000 0.00000000 -1.00000000 0 0
1 350 11 1200.00000000 0.00000000 4171.00000000 0.00000000 0.00000000 -1.00000000 0 0
1 351 11 1200.00000000 800.00000000 4171.00000000 0.00000000 0.00000000 -1.00000000 0 0
1 352 11 1200.00000000 1600.00000000 4171.00000000 0.00000000 0.00000000 -1.00000000 0 0
1 353 11 1200.00000000 2400.00000000 4171.00000000 0.00000000 0.00000000 -1.00000000 0 0
1 354 11 1200.00000000 3200.00000000 4171.00000000 0.00000000 0.00000000 -1.00000000 0 0
1 355 11 1600.00000000 -2800.00000000 4171.00000000 0.00000000 0.00000000 -1.00000000 0 1
1 356 11 1600.00000000 -2000.00000000 4171.00000000 0.00000000 0.00000000 -1.00000000 0 1
1 357 11 1600.00000000 -1200.00000000 4171.00000000 0.00000000 0.00000000 -1.00000000 0 1
1 358 11 1600.00000000 -400.00000000 4171.00000000 0.00000000 0.00000000 -1.00000000 0 1
1 359 11 1600.00000000 400.00000000 4171.00000000 0.00000000 0.00000000 -1.00000000 0 1
1 360 11 1600.00000000 1200.00000000 4171.00000000 0.00000000 0.00000000 -1.00000000 0 1
1 361 11 1600.00000000 2000.00000000 4171.00000000 0.00000000 0.00000000 -1.00000000 0 1
1 362 11 1600.00000000 2800.00000000 4171.00000000 0.00000000 0.00000000 -1.00000000 0 1
1 363 11 2000.00000000 -2400.00000000 4171.00000000 0.00000000 0.00000000 -1.00000000 0 0
1 364 11 2000.00000000 -1600.00000000 4171.00000000 0.00000000 0.00000000 -1.00000000 0 0
1 365 11 2000.00000000 -800.00000000 4171.00000000 0.00000000 0.00000000 -1.00000000 0 0
1 366 11 2000.00000000 0.00000000 4171.00000000 0.00000000 0.00000000 -1.00000000 0 0
1 367 11 2000.00000000 800.00000000 4171.00000000 0.00000000 0.00000000 -1.00000000 0 0
1 368 11 2000.00000000 1600.00000000 4171.00000000 0.00000000 0.00000000 -1.00000000 0 0
1 369 11 2000.00000000 2400.00000000 4171.00000000 0.00000000 0.00000000 -1.00000000 0 0
1 370 11 2400.00000000 -2000.00000000 4171.00000000 0.00000000 0.00000000 -1.00000000 0 1
1 371 11 2400.00000000 -1200.00000000 4171.00000000 0.00000000 0.00000000 -1.00000000 0 1
1 372 11 2400.00000000 -400.00000000 4171.00000000 0.00000000 0.00000000 -1.00000000 0 1
1 373 11 2400.00000000 400.00000000 4171.00000000 0.00000000 0.00000000 -1.00000000 0 1
1 374 11 2400.00000000 1200.00000000 4171.00000000 0.00000000 0.00000000 -1.00000000 0 1
1 375 11 2400.00000000 2000.00000000 4171.00000000 0.00000000 0.00000000 -1.00000000 0 1
1 376 11 2800.00000000 -1600.00000000 4171.00000000 0.00000000 0.00000000 -1.00000000 0 1
1 377 11 2800.00000000 -800.00000000 4171.00000000 0.00000000 0.00000000 -1.00000000 0 1
1 378 11 2800.00000000 0.00000000 4171.00000000 0.00000000 0.00000000 -1.00000000 0 0
1 379 11 2800.00000000 800.00000000 4171.00000000 0.00000000 0.00000000 -1.00000000 0 1
1 380 11 2800.00000000 1600.00000000 4171.00000000 0.00000000 0.00000000 -1.00000000 0 1
1 381 11 3200.00000000 -1200.00000000 4171.00000000 0.00000000 0.00000000 -1.00000000 0 0
1 382 11 3200.00000000 -400.00000000 4171.00000000 0.00000000 0.00000000 -1.00000000 0 0
1 383 11 3200.00000000 400.00000000 4171.00000000 0.00000000 0.00000000 -1.00000000 0 0
1 384 11 3200.00000000 1200.00000000 4171.00000000 0.00000000 0.00000000 -1.00000000 0 0
1 385 13 -3200.00000000 -1200.00000000 -4171.00000000 0.00000000 0.00000000 1.00000000 0 0
1 386 13 -3200.00000000 -400.00000000 -4171.00000000 0.00000000 0.00000000 1.00000000 0 0
1 387 13 -3200.00000000 400.00000000 -4171.00000000 0.00000000 0.00000000 1.00000000 0 0
1 388 13 -3200.00000000 1200.00000000 -4171.00000000 0.00000000 0.00000000 1.00000000 0 0
1 389 13 -2800.00000000 -1600.00000000 -4171.00000000 0.00000000 0.00000000 1.00000000 0 1
1 390 13 -2800.00000000 -800.00000000 -4171.00000000 0.00000000 0.00000000 1.00000000 0 1
1 391 13 -2800.00000000 0.00000000 -4171.00000000 0.00000000 0.00000000 1.00000000 0 0
1 392 13 -2800.00000000 800.00000000 -4171.00000000 0.00000000 0.00000000 1.00000000 0 1
1 393 13 -2800.00000000 1600.00000000 -4171.00000000 0.00000000 0.00000000 1.00000000 0 1
1 394 13 -2400.00000000 -2000.00000000 -4171.00000000 0.00000000 0.00000000 1.00000000 0 1
1 395 13 -2400.00000000 -1200.00000000 -4171.00000000 0.00000000 0.00000000 1.00000000 0 1
1 396 13 -2400.00000000 -400.00000000 -4171.00000000 0.00000000 0.00000000 1.00000000 0 1
1 397 13 -2400.00000000 400.00000000 -4171.00000000 0.00000000 0.00000000 1.00000000 0 1
1 398 13 -2400.00000000 1200.00000000 -4171.00000000 0.00000000 0.00000000 1.00000000 0 1
1 399 13 -2400.00000000 2000.00000000 -4171.00000000 0.00000000 0.00000000 1.00000000 0 1
1 400 13 -2000.00000000 -2400.00000000 -4171.00000000 0.00000000 0.00000000 1.00000000 0 0
1 401 13 -2000.00000000 -1600.00000000 -4171.00000000 0.00000000 0.00000000 1.00000000 0 0
1 402 13 -2000.00000000 -800.00000000 -4171.00000000 0.00000000 0.00000000 1.00000000 0 0
1 403 13 -2000.00000000 0.00000000 -4171.00000000 0.00000000 0.00000000 1.00000000 0 0
1 404 13 -2000.00000000 800.00000000 -4171.00000000 0.00000000 0.00000000 1.00000000 0 0
1 405 13 -2000.00000000 1600.00000000 -4171.00000000 0.00000000 0.00000000 1.00000000 0 0
1 406 13 -2000.00000000 2400.00000000 -4171.00000000 0.00000000 0.00000000 1.00000000 0 0
1 407 13 -1600.00000000 -2800.00000000 -4171.00000000 0.00000000 0.00000000 1.00000000 0 1
1 408 13 -1600.00000000 -2000.00000000 -4171.00000000 0.00000000 0.00000000 1.00000000 0 1
1 409 13 -1600.00000000 -1200.00000000 -4171.00000000 0.00000000 0.00000000 1.00000000 0 1
1 410 13 -1600.00000000 -400.00000000 -4171.00000000 0.00000000 0.00000000 1.00000000 0 1
1 411 13 -1600.00000000 400.00000000 -4171.00000000 0.00000000 0.00000000 1.00000000 0 1
1 412 13 -1600.00000000 1200.00000000 -4171.00000000 0.00000000 0.00000000 1.00000000 0 1
1 413 13 -1600.00000000 2000.00000000 -4171.00000000 0.00000000 0.00000000 1.00000000 0 1
1 414 13 -1600.00000000 2800.00000000 -4171.00000000 0.00000000 0.00000000 1.00000000 0 1
1 415 13 -1200.00000000 -3200.00000000 -4171.00000000 0.00000000 0.00000000 1.00000000 0 0
1 416 13 -1200.00000000 -2400.00000000 -4171.00000000 0.00000000 0.00000000 1.00000000 0 0
1 417 13 -1200.00000000 -1600.00000000 -4171.00000000 0.00000000 0.00000000 1.00000000 0 0
1 418 13 -1200.00000000 -800.00000000 -4171.00000000 0.00000000 0.00000000 1.00000000 0 0
1 419 13 -1200.00000000 0.00000000 -4171.00000000 0.00000000 0.00000000 1.00000000 0 0
1 420 13 -1200.00000000 800.00000000 -4171.00000000 0.00000000 0.00000000 1.00000000 0 0
1 421 13 -1200.00000000 1600.00000000 -4171.00000000 0.00000000 0.00000000 1.00000000 0 0
1 422 13 -1200.00000000 2400.00000000 -4171.00000000 0.00000000 0.00000000 1.00000000 0 0
1 423 13 -1200.00000000 3200.00000000 -4171.00000000 0.00000000 0.00000000 1.00000000 0 0
1 424 13 -800.00000000 -2800.00000000 -4171.00000000 0.00000000 0.00000000 1.00000000 0 1
1 425 13 -800.00000000 -2000.00000000 -4171.00000000 0.00000000 0.00000000 1.00000000 0 1
1 426 13 -800.00000000 -1200.00000000 -4171.00000000 0.00000000 0.00000000 1.00000000 0 1
1 427 13 -800.00000000 -400.00000000 -4171.00000000 0.00000000 0.00000000 1.00000000 0 1
1 428 13 -800.00000000 400.00000000 -4171.00000000 0.00000000 0.00000000 1.00000000 0 1
1 429 13 -800.00000000 1200.00000000 -4171.00000000 0.00000000 0.00000000 1.00000000 0 1
1 430 13 -800.00000000 2000.00000000 -4171.00000000 0.00000000 0.00000000 1.00000000 0 1
1 431 13 -800.00000000 2800.00000000 -4171.00000000 0.00000000 0.00000000 1.00000000 0 1
1 432 13 -400.00000000 -3200.00000000 -4171.00000000 0.00000000 0.00000000 1.00000000 0 0
1 433 13 -400.00000000 -2400.00000000 -4171.00000000 0.00000000 0.00000000 1.00000000 0 0
1 434 13 -400.00000000 -1600.00000000 -4171.00000000 0.00000000 0.00000000 1.00000000 0 0
1 435 13 -400.00000000 -800.00000000 -4171.00000000 0.00000000 0.00000000 1.00000000 0 0
1 436 13 -400.00000000 0.00000000 -4171.00000000 0.00000000 0.00000000 1.00000000 0 0
1 437 13 -400.00000000 800.00000000 -4171.00000000 0.00000000 0.00000000 1.00000000 0 0
1 438 13 -400.00000000 1600.00000000 -4171.00000000 0.00000000 0.00000000 1.00000000 0 0
1 439 13 -400.00000000 2400.00000000 -4171.00000000 0.00000000 0.00000000 1.00000000 0 0
1 440 13 -400.00000000 3200.00000000 -4171.00000000 0.00000000 0.00000000 1.00000000 0 0
1 441 13 0.00000000 -2800.00000000 -4171.00000000 0.00000000 0.00000000 1.00000000 0 0
1 442 13 0.00000000 -2000.00000000 -4171.00000000 0.00000000 0.00000000 1.00000000 0 0
1 443 13 0.00000000 -1200.00000000 -4171.00000000 0.00000000 0.00000000 1.00000000 0 0
1 444 13 0.00000000 -400.00000000 -4171.00000000 0.00000000 0.00000000 1.00000000 0 0
1 445 13 0.00000000 400.00000000 -4171.00000000 0.00000000 0.00000000 1.00000000 0 0
1 446 13 0.00000000 1200.00000000 -4171.00000000 0.00000000 0.00000000 1.00000000 0 0
1 447 13 0.00000000 2000.00000000 -4171.00000000 0.00000000 0.00000000 1.00000000 0 0
1 448 13 0.00000000 2800.00000000 -4171.00000000 0.00000000 0.00000000 1.00000000 0 0
1 449 13 400.00000000 -3200.00000000 -4171.00000000 0.00000000 0.00000000 1.00000000 0 0
1 450 13 400.00000000 -2400.00000000 -4171.00000000 0.00000000 0.00000000 1.00000000 0 0
1 451 13 400.00000000 -1600.00000000 -4171.00000000 0.00000000 0.00000000 1.00000000 0 0
1 452 13 400.00000000 -800.00000000 -4171.00000000 0.00000000 0.00000000 1.00000000 0 0
1 453 13 400.00000000 0.00000000 -4171.00000000 0.00000000 0.00000000 1.00000000 0 0
1 454 13 400.00000000 800.00000000 -4171.00000000 0.00000000 0.00000000 1.00000000 0 0
1 455 13 400.00000000 1600.00000000 -4171.00000000 0.00000000 0.00000000 1.00000000 0 0
1 456 13 400.00000000 2400.00000000 -4171.00000000 0.00000000 0.00000000 1.00000000 0 0
1 457 13 400.00000000 3200.00000000 -4171.00000000 0.00000000 0.00000000 1.00000000 0 0
1 458 13 800.00000000 -2800.00000000 -4171.00000000 0.00000000 0.00000000 1.00000000 0 1
1 459 13 800.00000000 -2000.00000000 -4171.00000000 0.00000000 0.00000000 1.00000000 0 1
1 460 13 800.00000000 -1200.00000000 -4171.00000000 0.00000000 0.00000000 1.00000000 0 1
1 461 13 800.00000000 -400.00000000 -4171.00000000 0.00000000 0.00000000 1.00000000 0 1
1 462 13 800.00000000 400.00000000 -4171.00000000 0.00000000 0.00000000 1.00000000 0 1
1 463 13 800.00000000 1200.00000000 -4171.00000000 0.00000000 0.00000000 1.00000000 0 1
1 464 13 800.00000000 2000.00000000 -4171.00000000 0.00000000 0.00000000 1.00000000 0 1
1 465 13 800.00000000 2800.00000000 -4171.00000000 0.00000000 0.00000000 1.00000000 0 1
1 466 13 1200.00000000 -3200.00000000 -4171.00000000 0.00000000 0.00000000 1.00000000 0 0
1 467 13 1200.00000000 -2400.00000000 -4171.00000000 0.00000000 0.00000000 1.00000000 0 0
1 468 13 1200.00000000 -1600.00000000 -4171.00000000 0.00000000 0.00000000 1.00000000 0 0
1 469 13 1200.00000000 -800.00000000 -4171.00000000 0.00000000 0.00000000 1.00000000 0 0
1 470 13 1200.00000000 0.00000000 -4171.00000000 0.00000000 0.00000000 1.00000000 0 0
1 471 13 1200.00000000 800.00000000 -4171.00000000 0.00000000 0.00000000 1.00000000 0 0
1 472 13 1200.00000000 1600.00000000 -4171.00000000 0.00000000 0.00000000 1.00000000 0 0
1 473 13 1200.00000000 2400.00000000 -4171.00000000 0.00000000 0.00000000 1.00000000 0 0
1 474 13 1200.00000000 3200.00000000 -4171.00000000 0.00000000 0.00000000 1.00000000 0 0
1 475 13 1600.00000000 -2800.00000000 -4171.00000000 0.00000000 0.00000000 1.00000000 0 1
1 476 13 1600.00000000 -2000.00000000 -4171.00000000 0.00000000 0.00000000 1.00000000 0 1
1 477 13 1600.00000000 -1200.00000000 -4171.00000000 0.00000000 0.00000000 1.00000000 0 1
1 478 13 1600.00000000 -400.00000000 -4171.00000000 0.00000000 0.00000000 1.00000000 0 1
1 479 13 1600.00000000 400.00000000 -4171.00000000 0.00000000 0.00000000 1.00000000 0 1
1 480 13 1600.00000000 1200.00000000 -4171.00000000 0.00000000 0.00000000 1.00000000 0 1
1 481 13 1600.00000000 2000.00000000 -4171.00000000 0.00000000 0.00000000 1.00000000 0 1
1 482 13 1600.00000000 2800.00000000 -4171.00000000 0.00000000 0.00000000 1.00000000 0 1
1 483 13 2000.00000000 -2400.00000000 -4171.00000000 0.00000000 0.00000000 1.00000000 0 0
1 484 13 2000.00000000 -1600.00000000 -4171.00000000 0.00000000 0.00000000 1.00000000 0 0
1 485 13 2000.00000000 -800.00000000 -4171.00000000 0.00000000 0.00000000 1.00000000 0 0
1 486 13 2000.00000000 0.00000000 -4171.00000000 0.00000000 0.00000000 1.00000000 0 0
1 487 13 2000.00000000 800.00000000 -4171.00000000 0.00000000 0.00000000 1.00000000 0 0
1 488 13 2000.00000000 1600.00000000 -4171.00000000 0.00000000 0.00000000 1.00000000 0 0
1 489 13 2000.00000000 2400.00000000 -4171.00000000 0.00000000 0.00000000 1.00000000 0 0
1 490 13 2400.00000000 -2000.00000000 -4171.00000000 0.00000000 0.00000000 1.00000000 0 1
1 491 13 2400.00000000 -1200.00000000 -4171.00000000 0.00000000 0.00000000 1.00000000 0 1
1 492 13 2400.00000000 -400.00000000 -4171.00000000 0.00000000 0.00000000 1.00000000 0 1
1 493 13 2400.00000000 400.00000000 -4171.00000000 0.00000000 0.00000000 1.00000000 0 1
1 494 13 2400.00000000 1200.00000000 -4171.00000000 0.00000000 0.00000000 1.00000000 0 1
1 495 13 2400.00000000 2000.00000000 -4171.00000000 0.00000000 0.00000000 1.00000000 0 1
1 496 13 2800.00000000 -1600.00000000 -4171.00000000 0.00000000 0.00000000 1.00000000 0 1
1 497 13 2800.00000000 -800.00000000 -4171.00000000 0.00000000 0.00000000 1.00000000 0 1
1 498 13 2800.00000000 0.00000000 -4171.00000000 0.00000000 0.00000000 1.00000000 0 0
1 499 13 2800.00000000 800.00000000 -4171.00000000 0.00000000 0.00000000 1.00000000 0 1
1 500 13 2800.00000000 1600.00000000 -4171.00000000 0.00000000 0.00000000 1.00000000 0 1
1 501 13 3200.00000000 -1200.00000000 -4171.00000000 0.00000000 0.00000000 1.00000000 0 0
1 502 13 3200.00000000 -400.00000000 -4171.00000000 0.00000000 0.00000000 1.00000000 0 0
1 503 13 3200.00000000 400.00000000 -4171.00000000 0.00000000 0.00000000 1.00000000 0 0
1 504 13 3200.00000000 1200.00000000 -4171.00000000 0.00000000 0.00000000 1.00000000 0 0